37.53
53.01
9.62
45.55
14.71
36.71
26.63
24.60
37.39
28.62
51.13
46.32
22.73
6.73
14.53
71.27
83.78
89.85
51.88
25.89
85.28
103.11
16.53
39.06
19.09
91.60
54.96
93.30
48.65
81.99
35.19
35.65
87.02
82.43
63.55
19.61
35.81
8.06
27.84
19.33
75.72
67.60
84.74
21.52
39.73
44.00
84.88
31.30
12.30
49.07
67.33
35.65
49.73
28.48
36.74
59.54
62.29
7.55
15.88
56.69
93.81
27.02
22.44
80.71
59.82
20.33
54.86
63.22
106.59
61.67
27.60
92.65
39.61
20.81
11.77
88.40
31.64
69.59
26.49
44.10
18.11
51.11
68.77
84.98
49.87
27.15
29.39
77.31
67.79
80.25
26.98
44.44
24.31
42.67
24.19
13.80
27.44
14.44
77.27
49.09
4.58
95.92
19.36
11.57
55.84
31.67
40.55
12.38
6.59
51.19
72.04
89.47
12.21
18.11
37.75
1.85
52.09
19.35
5.37
34.57
47.94
6.67
17.19
8.81
73.42
28.80
63.61
41.14
78.82
81.19
8.42
46.04
14.29
62.87
64.02
68.25
17.50
3.49
3.06
70.47
66.46
68.75
16.50
49.57
19.20
6.13
14.99
48.56
76.18
38.58
26.57
1.32
56.00
23.08
28.94
67.19
19.62
80.75
3.44
38.29
71.25
51.47
27.56
81.64
56.10
50.30
78.40
81.73
60.82
63.83
6.60
50.45
44.61
32.00
1.97
53.55
57.34
17.77
41.39
26.90
3.98
2.91
12.31
86.77
42.88
83.13
91.08
30.39
37.53
72.38
58.92
88.94
56.03
42.92
62.65
28.16
26.88
52.28
21.98
51.49
83.79
33.11
12.35
47.92
66.47
68.32
18.11
14.15
76.51
32.10
74.56
7.33
24.79
20.54
2.06
45.31
22.77
86.89
21.97
54.80
63.73
39.11
87.12
39.67
77.52
18.24
41.77
39.79
43.34
47.05
18.37
24.19
51.04
14.69
11.20
14.29
2.98
47.81
38.23
31.76
23.41
2.16
19.57
31.97
23.34
45.57
1.64
17.35
16.43
61.63
99.15
12.00
100.04
56.17
75.86
36.53
17.32
12.71
3.54
4.25
49.69
73.94
62.40
81.25
86.38
18.94
49.32
10.26
53.69
65.57
27.40
45.21
22.80
81.18
81.26
39.12
28.44
7.51
59.28
8.00
97.58
86.20
99.22
1.22
73.40
80.70
60.03
76.03
10.41
65.02
7.00
7.37
51.18
37.20
60.59
26.45
53.34
70.12
22.05
82.01
36.58
17.47
31.66
73.10
72.68
17.44
70.73
73.86
56.73
30.55
11.92
33.05
31.01
53.53
34.15
10.82
20.92
17.62
67.23
15.69
40.85
87.93
68.01
2.66
43.39
67.81
3.10
4.07
74.87
19.17
17.36
1.07
72.20
72.18
28.36
31.72
6.83
7.72
47.29
57.49
42.39
30.51
99.47
123.05
99.73
81.66
72.97
44.60
84.22
70.77
16.59
72.08
36.67
49.46
33.32
58.14
22.93
23.56
39.76
13.18
13.42
87.58
65.64
9.31
3.45
47.20
12.67
26.23
22.12
17.94
55.54
87.68
48.37
53.23
70.20
33.26
55.85
67.48
18.57
49.82
77.58
35.97
65.13
51.06
57.07
6.11
10.73
57.28
36.82
74.12
51.28
24.69
30.82
79.89
72.10
61.51
86.53
45.45
78.36
45.62
7.93
47.59
3.78
44.34
46.13
6.65
16.62
34.44
49.78
42.62
48.92
79.40
53.81
54.98
16.11
36.92
13.76
2.56
61.04
19.13
70.72
39.04
50.91
85.18
84.46
65.33
84.30
76.79
3.45
87.99
83.04
27.98
43.16
52.33
61.00
30.69
64.48
41.28
82.34
63.30
86.04
19.25
30.26
64.78
82.74
29.82
59.58
81.32
7.84
56.41
42.25
56.70
85.92
19.10
47.98
13.79
31.39
22.37
16.32
29.99
105.65
94.56
102.51
34.77
77.04
26.17
46.20
89.09
47.03
88.80
58.81
49.54
32.01
65.84
56.86
18.22
89.03
36.24
3.55
59.39
79.19
28.09
18.52
32.42
89.93
78.87
53.26
36.71
73.97
20.83
33.32
57.45
95.10
33.19
80.53
5.99
55.98
89.98
42.07
32.57
33.56
58.47
19.16
36.36
37.66
46.19
46.93
84.71
14.94
9.56
87.39
41.19
37.02
85.28
14.25
84.41
49.52
54.09
28.32
77.08
16.12
68.08
65.15
71.14
44.55
70.52
50.34
43.78
7.90
23.92
87.03
40.82
41.00
27.45
51.29
7.64
49.15
51.15
65.76
69.87
61.93
6.92
10.77
73.18
88.79
21.75
19.39
95.83
47.58
31.29
79.91
10.13
91.58
76.17
83.29
78.56
70.32
73.29
91.76
17.43
79.10
17.99
14.33
29.24
40.45
38.33
63.23
88.06
43.63
1.54
41.67
67.25
23.76
53.67
76.27
16.72
59.54
61.17
90.58
91.80
84.54
13.99
6.00
3.61
76.45
90.81
12.88
24.37
32.20
50.62
40.19
27.80
11.32
14.64
77.45
85.17
7.18
73.77
18.02
35.68
63.59
69.72
57.87
86.02
38.62
93.18
8.32
77.32
15.53
44.44
39.01
61.59
33.57
101.83
35.92
77.46
99.25
77.28
49.12
73.86
86.73
106.03
49.05
82.27
36.06
63.23
67.59
40.50
34.29
59.88
24.11
114.23
104.00
15.06
28.58
59.61
7.37
25.84
44.88
37.49
81.53
23.87
57.51
38.53
81.67
8.42
30.54
15.13
72.72
88.78
80.01
40.11
15.63
7.63
72.33
10.03
19.72
70.12
1.11
6.00
34.34
10.29
60.60
23.74
17.85
80.29
46.59
35.09
16.45
59.18
8.60
77.37
64.97
81.61
90.88
38.68
81.89
23.80
6.11
76.89
21.82
64.80
34.10
51.74
89.90
100.04
12.42
24.73
52.54
26.07
19.30
66.19
7.06
55.25
49.32
43.74
94.30
62.42
70.48
12.71
93.15
40.58
75.84
15.87
95.83
1.46
58.81
93.94
51.42
46.56
63.33
70.40
45.23
51.67
24.57
42.05
34.11
42.10
45.11
51.49
36.43
18.21
32.78
79.47
55.06
49.98
18.71
88.16
25.74
56.34
50.21
79.10
5.09
51.53
52.23
80.98
81.58
53.21
96.25
87.34
68.88
90.99
103.07
66.36
26.82
77.18
38.40
35.23
82.20
50.40
44.19
10.76
31.63
19.70
41.57
78.50
26.28
77.94
36.24
19.03
51.91
75.94
12.82
30.76
11.75
99.56
108.19
86.07
75.51
11.71
12.24
29.42
86.91
58.98
65.10
60.40
80.05
79.00
37.89
52.97
12.65
34.70
62.58
50.81
14.08
51.37
36.02
11.06
74.95
92.40
7.34
21.99
68.07
40.07
47.11
4.73
9.78
51.01
69.15
85.71
83.90
6.62
51.06
83.60
51.98
14.58
87.70
88.56
22.90
40.34
18.30
37.32
62.65
77.84
79.77
21.88
22.62
25.61
84.47
80.85
6.21
74.44
14.22
56.59
15.96
37.21
39.86
1.66
30.82
66.00
41.31
38.35
83.34
75.33
83.27
13.26
69.15
38.82
59.64
5.61
46.64
50.34
37.36
69.15
76.66
47.23
49.51
27.55
82.95
38.98
22.71
58.80
38.47
53.74
47.38
4.00
36.11
32.38
52.99
53.66
94.18
16.88
79.78
33.28
57.05
41.65
37.18
16.24
15.45
50.19
80.30
46.77
79.20
39.96
54.30
13.32
69.22
67.73
29.04
80.45
25.80
59.08
100.45
53.79
74.01
22.59
101.17
46.44
62.84
63.82
26.19
24.17
79.92
76.03
21.49
71.34
54.26
28.40
73.21
69.36
11.50
62.59
51.05
32.52
18.37
86.95
76.94
27.75
25.41
57.46
25.56
59.97
35.55
16.71
43.54
16.74
87.06
44.80
62.49
66.09
41.11
35.80
78.12
48.21
11.08
4.80
56.67
70.76
35.30
15.26
43.52
41.35
40.16
85.75
57.86
45.19
39.22
84.67
92.38
56.55
66.61
83.23
1.29
2.79
3.22
36.93
38.93
59.92
8.22
68.73
58.04
15.15
50.42
20.94
83.39
29.56
34.68
26.81
37.38
77.07
78.19
40.81
71.22
36.10
73.80
5.93
1.47
87.49
67.43
48.86
51.01
83.54
18.75
21.51
23.10
13.83
26.84
36.75
42.04
11.26
94.58
83.75
77.51
46.81
68.54
17.76
32.65
49.54
43.77
22.16
91.54
24.66
20.81
18.07
49.42
25.41
16.31
62.52
84.53
55.19
82.08
36.69
62.93
20.26
14.52
25.09
48.35
53.94
80.53
73.09
81.03
55.64
85.08
83.93
54.01
51.62
64.27
93.96
89.41
48.38
49.03
65.03
57.37
43.99
20.32
52.98
84.50
65.14
5.77
7.98
88.01
32.40
63.41
40.42
11.08
26.43
18.89
1.12
29.36
33.33
12.37
18.25
37.15
97.89
28.24
46.89
12.68
56.96
22.42
8.23
64.42
51.25
31.27
22.13
20.56
37.48
57.02
3.14
53.62
58.68
96.81
47.70
101.86
63.57
12.52
6.74
91.41
10.28
82.36
28.02
13.05
58.06
64.62
5.57
64.80
11.63
80.59
9.04
87.57
78.99
4.13
58.22
24.05
52.56
71.42
31.10
88.22
38.30
44.87
8.47
18.85
40.57
58.83
28.16
48.80
67.75
28.06
54.46
90.14
18.68
61.56
90.38
54.84
89.16
31.58
51.87
7.27
1.42
64.71
45.53
45.88
32.59
97.74
57.11
98.29
107.69
76.25
63.17
99.65
94.53
62.05
34.39
65.75
97.43
101.90
51.78
75.17
105.25
66.40
75.79
62.91
16.32
48.70
47.59
43.42
46.55
71.28
4.68
2.76
60.69
87.21
49.04
45.67
36.09
72.61
41.86
80.21
38.04
8.29
85.71
61.46
31.80
24.78
32.33
8.96
62.39
103.17
45.61
75.58
39.42
87.75
29.53
44.18
76.88
74.64
22.24
7.08
54.89
38.76
82.49
91.90
75.48
31.04
19.48
26.63
23.52
68.04
81.52
88.50
11.14
93.92
64.18
80.58
3.04
50.93
28.66
41.97
18.76
85.71
88.78
13.00
77.79
67.38
86.76
17.10
26.00
79.49
2.52
82.62
71.18
115.69
19.79
78.31
30.70
18.09
109.29
51.75
60.40
58.15
71.03
50.64
15.99
51.99
23.86
14.81
77.18
11.12
49.03
1.78
48.63
1.63
63.77
11.37
43.28
41.96
19.85
50.21
30.87
79.33
63.61
4.29
20.42
59.60
14.45
94.46
10.17
31.10
31.06
37.37
46.27
23.90
31.81
77.81
20.27
39.19
10.45
57.40
30.98
75.32
10.70
86.34
40.88
61.23
37.46
46.73
70.79
17.42
60.85
17.38
13.15
73.97
52.08
5.17
48.48
59.56
36.61
7.54
42.00
61.92
73.98
54.61
42.25
80.87
58.58
20.98
17.01
82.69
4.94
41.06
33.77
98.65
94.35
35.51
3.51
68.56
54.06
19.48
80.11
10.65
89.17
53.00
44.75
66.05
46.84
14.50
54.99
74.70
62.18
68.09
68.05
9.93
14.28
65.08
28.88
40.93
24.73
34.90
11.46
30.41
83.85
71.13
46.49
77.10
20.12
46.59
85.99
36.46
86.22
39.60
63.47
29.41
26.18
27.93
24.55
72.21
25.99
86.80
43.15
25.04
11.91
69.33
77.77
22.48
65.82
76.09
84.44
6.56
86.93
12.75
50.74
75.92
34.23
41.90
33.32
7.10
1.67
65.64
59.35
14.84
18.74
69.85
5.58
45.42
81.86
2.10
51.84
73.26
41.23
30.05
64.73
30.52
25.87
81.53
100.01
34.81
4.49
66.57
16.50
25.83
34.83
68.06
9.19
77.99
47.33
14.12
24.77
21.32
56.46
39.69
75.73
5.39
25.28
54.96
27.85
87.81
33.99
85.45
60.05
45.43
55.98
56.84
51.46
73.08
76.43
4.86
71.27
9.66
39.09
80.43
65.72
43.19
84.75
29.71
55.55
42.83
61.14
47.88
72.64
59.85
75.66
101.35
79.98
76.96
89.10
30.88
75.87
66.42
89.34
72.56
23.80
67.21
38.99
11.86
4.36
89.30
71.48
70.05
87.03
7.46
2.33
22.92
39.15
38.65
61.33
55.79
8.72
87.09
73.94
30.86
74.60
16.85
51.34
42.62
39.73
55.91
62.01
14.96
61.42
63.02
51.97
45.16
44.70
7.02
12.21
81.42
25.18
37.77
85.45
10.19
48.02
20.12
66.13
1.88
12.52
49.29
60.94
37.11
52.95
71.51
30.21
59.51
20.61
3.96
6.09
63.81
19.13
53.62
50.97
49.23
50.09
61.93
59.15
12.78
40.51
24.61
15.89
79.02
80.15
24.87
3.47
85.08
58.31
29.92
8.06
1.39
18.14
26.98
14.13
15.33
53.37
67.95
49.36
38.42
37.32
87.80
66.61
75.67
58.92
20.20
104.14
80.09
64.72
20.14
97.84
70.90
50.68
23.79
97.75
42.82
67.37
65.33
16.01
42.53
73.85
42.78
23.94
56.14
80.35
26.71
88.18
21.32
12.80
24.74
82.54
82.27
42.63
66.90
78.54
43.74
12.68
10.04
3.82
39.30
41.48
87.05
38.93
53.70
64.08
89.24
33.84
38.33
70.22
65.72
4.37
81.18
13.15
38.52
9.34
36.97
53.74
13.30
53.44
36.25
54.30
73.11
2.60
55.64
68.85
65.53
35.62
37.89
77.50
46.94
68.81
9.88
30.64
86.30
72.14
70.68
43.59
12.80
14.18
21.18
45.46
87.41
34.85
27.90
50.83
68.25
42.32
82.93
19.52
12.09
63.04
48.56
5.30
24.77
48.81
38.84
21.13
32.32
18.02
29.73
27.58
33.07
13.19
48.07
5.51
21.48
53.88
21.39
39.49
28.55
46.05
52.92
32.70
17.31
43.16
8.69
81.26
39.06
74.81
31.29
78.23
15.97
16.89
80.32
33.99
63.68
47.75
46.13
51.83
26.49
71.88
67.73
23.49
65.88
12.10
78.40
62.96
8.04
86.96
20.25
76.86
30.15
39.32
15.67
13.27
59.68
59.41
41.53
77.97
34.84
44.72
75.49
83.43
89.66
23.10
76.87
17.60
49.74
5.16
45.87
6.37
70.99
15.81
60.62
28.11
61.72
81.23
15.93
71.56
2.92
22.69
59.38
22.04
52.44
38.59
2.13
54.89
101.88
94.33
79.48
81.64
52.76
66.04
22.79
82.30
80.06
31.52
100.16
33.15
34.22
73.14
76.81
75.93
61.06
58.42
67.84
3.15
65.74
62.77
69.85
94.76
87.23
65.21
23.66
95.69
90.52
78.74
54.34
47.17
46.20
33.62
7.85
70.82
24.89
35.10
56.06
5.93
65.92
14.04
8.64
24.47
67.94
59.62
42.57
45.00
80.02
15.90
95.83
36.53
4.18
49.88
26.21
66.04
57.17
80.95
60.75
25.02
97.88
37.10
3.56
13.25
82.30
78.43
9.42
51.10
62.86
74.32
19.31
18.54
61.61
37.69
49.14
99.43
65.85
67.77
8.90
92.00
92.67
70.09
8.64
41.67
22.20
10.35
7.24
55.60
79.21
32.02
84.77
19.10
89.72
89.93
32.18
92.68
17.01
80.63
31.53
8.89
47.23
42.82
75.66
15.48
20.86
40.76
52.19
25.52
43.13
5.04
69.35
75.59
46.70
80.40
21.89
20.49
59.96
42.27
23.90
57.33
63.04
18.73
32.48
78.51
67.85
74.91
43.30
10.08
82.63
36.10
10.62
24.36
38.59
79.96
23.54
72.73
53.96
51.24
21.77
34.86
75.72
15.55
51.44
69.36
1.37
39.25
32.69
15.22
28.88
23.49
92.45
22.12
76.62
28.81
85.09
93.56
81.68
50.12
57.21
66.25
88.88
69.31
25.52
7.23
41.53
2.65
57.74
54.82
16.36
80.45
126.80
122.22
122.64
61.19
90.02
101.89
86.08
46.45
101.18
114.55
28.05
55.21
79.28
50.80
49.29
68.87
82.72
81.70
74.80
51.15
54.03
77.21
36.73
32.56
17.66
48.94
72.53
72.58
21.49
59.39
96.90
92.28
81.72
63.16
5.96
91.32
47.41
16.70
72.49
44.28
66.87
76.51
49.94
62.54
119.81
88.74
22.69
119.85
97.59
119.42
61.77
148.78
82.29
133.04
95.16
109.88
132.32
107.37
76.66
48.95
7.55
25.03
17.14
44.79
12.53
59.60
48.65
32.38
98.18
81.59
104.74
92.37
85.07
88.65
52.63
48.48
83.59
82.59
67.95
15.27
70.31
67.53
33.79
8.35
6.00
64.42
25.77
80.30
72.32
37.24
99.18
122.47
56.44
36.42
42.04
75.51
114.16
57.51
97.06
65.21
47.48
46.46
66.92
78.83
84.64
3.07
57.67
65.80
42.08
65.36
80.27
155.63
150.09
104.38
134.79
74.45
143.38
79.76
98.18
64.98
99.61
86.30
90.69
58.09
128.06
134.04
57.33
52.29
61.90
129.54
75.90
62.02
51.21
70.24
69.94
89.97
68.47
18.77
83.43
16.99
41.50
58.97
56.21
24.57
60.44
59.26
51.72
10.26
62.25
102.86
58.93
19.81
100.15
82.27
64.35
56.98
32.01
93.82
60.17
90.58
14.70
33.79
81.78
11.61
82.47
70.91
39.60
28.11
26.89
52.06
61.67
15.93
74.33
39.54
19.27
78.38
82.33
53.03
16.65
10.66
28.53
82.60
101.31
76.73
94.65
39.68
8.71
84.68
36.26
37.11
47.72
55.52
28.95
65.61
77.02
11.76
63.89
74.03
64.54
16.55
23.96
12.56
39.68
49.80
63.44
58.48
19.55
26.06
20.45
76.87
21.07
78.92
33.20
31.32
11.91
41.36
39.09
10.16
8.25
38.47
9.23
16.60
84.38
65.51
1.33
43.65
67.06
55.92
60.93
90.59
76.25
83.31
22.54
59.63
21.08
80.78
33.57
45.92
21.36
50.46
24.14
59.60
72.83
70.23
39.23
63.79
34.76
84.51
2.01
19.62
