86.42
94.27
103.95
78.15
47.72
22.31
31.68
34.93
77.85
27.62
58.76
78.31
48.70
51.59
21.04
6.55
19.49
42.59
36.33
29.63
69.18
1.93
47.95
86.59
76.07
22.34
63.30
75.97
76.67
91.15
89.04
29.93
43.41
26.73
41.14
9.31
49.73
27.98
41.16
7.59
85.60
25.93
43.38
48.25
76.41
26.73
75.42
40.64
53.49
74.67
81.06
95.18
98.69
74.77
29.60
42.60
21.98
23.22
89.05
64.47
33.85
28.27
31.78
11.72
24.94
61.10
8.38
30.69
82.68
35.03
51.98
89.06
7.48
31.86
47.55
6.12
13.60
78.87
23.40
14.83
65.22
102.72
30.13
37.02
114.10
82.90
50.57
81.21
47.55
56.59
67.28
82.85
60.56
85.79
60.45
31.48
47.77
36.27
9.72
6.00
40.48
139.78
66.20
49.19
28.05
80.70
15.93
6.75
17.84
51.85
83.84
52.51
12.29
65.74
70.62
23.31
32.76
28.48
22.67
15.99
51.58
7.97
85.47
74.28
15.49
11.91
74.14
21.93
34.87
55.54
49.52
59.78
32.45
30.29
8.26
14.11
44.00
7.66
36.80
79.58
73.22
26.84
19.29
3.54
6.03
47.21
22.67
3.38
5.61
30.39
42.63
40.16
74.62
79.07
14.05
10.18
55.59
54.24
9.55
64.80
53.24
85.31
34.75
4.44
48.84
17.66
76.53
44.54
27.36
48.49
32.83
92.97
47.03
78.30
93.78
87.26
12.20
63.17
85.51
29.47
42.23
52.23
64.49
79.63
47.15
25.91
77.36
19.00
34.42
54.02
90.37
68.76
8.86
14.48
10.74
75.18
13.86
68.63
23.30
71.14
41.51
52.71
14.65
6.56
22.51
54.09
76.79
65.23
11.30
22.92
73.11
26.54
13.77
78.35
47.84
69.50
55.31
61.12
78.57
56.28
85.70
69.73
90.76
9.09
51.47
42.84
21.11
4.09
43.04
56.51
9.41
30.10
24.07
31.02
14.59
3.25
14.78
36.78
79.89
48.50
82.06
57.38
12.42
26.05
35.99
38.10
64.12
59.25
65.34
61.42
3.15
85.21
100.87
5.37
2.10
8.39
60.69
2.27
37.30
46.36
68.16
74.49
39.71
82.27
10.75
1.42
57.02
11.70
9.99
58.15
54.31
13.40
11.05
40.12
50.03
80.10
18.77
10.80
13.28
12.58
34.00
63.68
25.24
59.21
10.75
19.04
52.71
37.75
17.09
12.85
11.28
16.59
10.77
32.58
10.85
4.42
8.50
5.12
56.82
28.63
59.04
37.85
6.91
81.55
5.97
32.06
77.72
40.77
27.75
25.71
23.64
67.12
37.97
71.61
38.48
67.69
66.76
40.04
8.93
68.32
50.02
52.90
4.50
62.47
31.83
12.97
7.27
6.17
39.89
5.07
65.51
76.97
24.04
56.74
63.41
42.81
82.28
40.73
22.49
75.17
3.67
89.96
31.41
58.48
92.36
43.78
56.29
82.22
30.88
64.25
47.71
85.63
75.86
118.19
46.70
106.20
47.00
39.28
66.39
56.38
100.05
8.81
102.29
85.56
60.65
10.77
16.91
63.62
12.82
74.93
96.52
70.31
46.67
66.96
15.38
68.20
67.05
84.54
5.02
73.92
14.92
40.12
85.92
54.95
26.71
38.26
9.45
44.36
77.90
16.37
85.76
1.52
62.41
63.10
67.08
80.29
38.71
83.02
77.30
71.65
46.41
2.86
60.38
19.30
65.37
52.30
10.71
48.57
12.87
70.19
27.02
47.02
30.08
100.00
83.89
88.87
77.13
61.65
45.60
34.67
75.11
37.06
19.54
4.41
76.60
25.26
58.37
20.18
38.16
81.69
27.05
56.79
23.38
56.57
21.66
22.93
60.75
28.91
9.13
58.10
49.79
92.60
26.75
8.62
21.10
23.05
49.87
56.59
13.98
18.68
92.96
92.86
105.44
73.58
65.67
66.60
73.42
116.07
47.99
105.11
47.14
17.90
95.79
54.11
85.31
90.38
84.47
10.11
3.12
16.66
78.70
40.24
12.40
87.51
14.32
54.34
4.17
11.39
71.17
8.58
3.17
36.79
72.12
40.51
70.78
55.58
48.92
87.02
84.81
36.97
77.61
94.96
6.10
17.00
41.60
62.52
51.78
95.58
78.33
75.49
97.51
74.84
75.35
38.27
42.50
116.55
120.63
64.70
34.89
119.32
50.16
48.46
84.09
82.46
28.70
83.92
68.66
78.79
86.47
14.83
65.96
95.38
74.95
11.89
20.64
38.85
30.89
14.16
78.55
51.53
47.44
17.78
3.71
73.77
83.28
12.70
80.18
84.35
50.32
11.68
75.99
43.71
77.25
67.30
63.10
92.11
58.27
59.73
28.61
3.05
17.38
72.70
15.56
18.45
14.29
50.56
72.41
68.50
76.37
76.46
88.12
47.63
80.23
21.06
18.43
84.44
42.53
82.19
83.61
24.03
39.55
29.56
50.67
31.31
21.62
13.20
58.63
43.82
53.49
63.21
43.71
103.74
75.71
60.73
19.79
67.77
40.88
69.31
49.71
57.57
73.70
56.75
68.78
90.09
28.77
33.75
24.65
84.70
79.09
48.96
20.44
4.35
58.89
50.21
5.69
38.74
61.12
74.17
59.35
37.03
72.95
92.30
26.51
11.61
46.16
18.22
8.06
40.81
94.59
47.81
58.24
101.77
121.56
114.68
22.98
12.68
83.59
3.96
4.39
78.78
90.15
61.67
70.04
69.75
68.99
59.73
56.48
76.01
43.88
28.76
106.79
61.27
62.84
33.12
16.43
30.45
50.02
83.85
51.59
44.67
116.53
59.41
63.10
118.36
69.62
68.57
45.55
85.95
29.31
85.03
113.73
49.75
80.30
84.71
95.64
22.23
73.84
31.25
82.18
75.30
26.45
76.38
33.37
26.31
4.51
21.38
57.16
70.62
77.17
85.11
52.08
31.88
13.62
76.14
70.19
45.12
50.09
8.30
81.16
13.73
129.18
119.44
64.23
65.68
99.87
102.48
135.86
134.70
121.85
90.51
83.95
80.89
49.89
80.66
36.10
32.43
55.43
66.71
111.73
34.24
91.39
64.11
73.24
23.23
33.10
33.25
9.28
78.77
21.11
76.96
64.37
85.59
27.19
32.27
87.11
63.36
58.87
11.68
66.25
45.52
97.29
90.84
66.00
56.06
96.99
59.19
78.29
76.69
65.01
81.57
101.60
72.40
9.98
80.39
20.27
35.61
36.69
31.21
69.74
48.15
52.89
92.91
30.68
40.71
10.34
15.20
74.16
70.15
17.13
78.16
105.58
130.95
114.77
49.74
75.27
134.13
88.95
93.06
135.55
68.23
67.03
46.12
65.30
107.76
98.72
85.00
104.19
72.08
41.46
87.78
81.00
7.84
12.29
11.06
70.12
67.30
65.74
76.67
114.01
82.82
22.01
86.80
68.92
61.79
84.84
91.13
54.37
5.28
91.67
100.29
41.10
2.49
89.06
84.09
57.33
39.85
35.44
56.30
6.97
42.27
23.58
87.58
70.16
52.83
31.81
15.76
39.10
3.40
61.06
56.67
84.00
34.98
31.69
31.14
96.12
64.70
105.62
89.32
54.42
17.82
78.02
69.75
53.05
58.75
70.53
29.30
22.27
107.10
14.48
39.66
15.16
7.86
55.10
59.33
57.37
38.04
35.43
33.91
14.10
61.97
90.45
42.85
74.23
7.15
34.74
40.72
60.62
85.72
60.37
5.89
16.05
9.94
31.11
7.53
67.29
29.16
42.73
86.10
36.32
38.77
108.69
93.48
138.14
75.65
71.57
73.57
137.24
111.05
121.91
137.57
89.26
51.79
22.42
68.77
56.55
70.72
40.21
82.04
30.33
73.90
19.77
91.40
49.29
52.87
49.84
77.14
28.12
33.73
94.02
2.85
64.59
62.21
79.96
50.34
28.94
36.72
20.47
30.23
47.42
35.83
76.77
17.69
72.67
72.80
30.42
37.73
89.21
69.11
74.16
81.61
32.59
79.99
78.56
10.44
23.04
44.37
39.35
79.09
29.98
60.92
56.42
74.43
85.54
31.70
84.66
1.89
53.20
10.98
59.76
83.47
11.63
15.16
2.96
23.00
84.42
13.58
34.79
5.45
37.50
86.69
29.59
9.77
1.53
73.14
18.02
45.73
12.15
40.12
57.91
52.26
78.83
67.50
7.48
75.83
47.86
62.80
37.93
20.68
19.19
5.49
6.51
73.58
61.35
21.62
24.52
60.08
4.63
14.79
75.45
32.32
48.94
55.80
94.50
64.22
66.58
52.93
17.92
85.36
94.84
49.44
56.80
72.58
103.40
22.32
38.61
25.38
63.88
61.28
67.19
57.44
19.20
22.83
48.67
9.06
6.23
19.21
58.88
14.23
3.02
20.41
30.16
31.06
84.84
65.89
82.57
15.78
67.71
44.01
13.98
15.02
16.73
75.97
1.79
28.07
22.61
18.92
16.55
8.57
14.29
56.14
51.90
70.97
118.43
111.85
81.51
125.52
112.99
30.65
26.89
61.73
35.99
21.73
42.29
62.57
74.23
69.46
27.61
35.18
39.36
74.53
31.81
41.21
11.61
68.77
66.78
43.67
68.54
63.74
67.35
82.92
26.69
58.05
28.72
11.68
5.67
43.03
34.79
66.30
48.32
42.67
45.05
89.79
18.89
8.19
76.20
12.41
43.75
93.52
78.49
45.83
17.62
70.90
71.76
1.36
86.40
86.07
29.23
53.63
4.62
67.68
66.70
34.82
60.82
68.78
43.95
8.00
23.38
77.44
4.67
79.28
8.96
39.86
64.02
56.64
43.74
45.88
76.60
38.90
1.41
15.49
32.45
83.73
16.80
94.17
93.63
93.54
99.39
88.02
41.34
82.48
74.66
4.75
56.56
43.67
64.55
55.22
35.92
46.55
67.54
71.60
49.21
22.26
19.82
49.57
87.66
14.03
72.44
49.95
27.31
22.20
46.13
32.32
81.64
62.59
12.54
29.14
3.87
23.07
73.06
36.44
14.15
53.20
86.97
64.17
19.10
54.67
11.67
76.32
6.81
30.36
9.78
29.24
56.23
47.31
31.25
32.70
3.12
82.74
38.83
88.73
54.72
1.92
34.61
63.07
69.83
22.04
29.61
31.57
56.97
86.60
18.38
46.52
38.37
22.12
34.53
61.18
6.89
53.90
75.56
37.81
84.10
28.79
17.46
51.29
44.91
61.95
72.14
5.36
31.75
54.59
29.53
63.30
82.35
60.57
34.96
95.66
56.47
8.05
67.21
38.61
19.40
70.08
70.49
64.96
17.98
29.02
29.77
27.22
9.06
71.94
13.93
32.02
29.62
36.90
90.30
98.08
4.82
15.32
23.62
86.32
92.66
55.87
83.64
74.75
27.11
51.02
17.71
48.08
33.94
85.95
65.23
7.68
22.62
7.00
15.34
19.63
77.02
18.28
12.95
11.50
98.43
63.18
25.41
67.93
68.93
47.49
66.08
15.63
19.68
53.63
52.72
32.44
87.69
13.94
3.23
61.96
77.53
18.26
61.61
60.62
75.90
5.30
2.32
45.89
2.85
32.84
33.91
17.66
30.30
17.77
117.33
61.88
117.37
68.92
123.44
44.89
80.59
95.53
92.88
105.18
107.69
63.94
68.20
105.59
67.53
64.56
22.79
99.41
108.75
89.17
75.95
56.66
24.73
36.61
65.98
70.69
36.75
70.78
74.47
72.90
44.09
105.96
54.49
37.23
21.69
36.80
106.16
47.35
40.45
98.53
56.93
52.56
22.31
82.71
64.59
9.57
76.48
36.57
56.42
7.92
64.94
72.96
87.66
37.00
27.57
28.40
34.78
64.21
13.09
79.67
70.14
73.64
31.45
81.95
72.49
56.22
9.57
79.74
40.98
82.21
53.56
51.03
3.39
80.93
74.33
62.93
85.02
61.25
15.89
78.02
34.23
25.00
34.11
83.56
64.56
48.55
80.70
42.44
51.35
47.33
45.63
83.75
90.83
76.38
10.91
71.34
21.90
7.84
56.87
11.17
65.14
40.77
43.26
67.37
46.89
25.66
54.48
73.26
44.19
65.34
19.71
93.94
85.58
19.70
75.53
39.50
75.41
33.03
20.45
25.96
16.14
68.60
57.22
68.11
57.54
66.93
21.60
30.08
71.53
23.73
79.98
82.01
2.50
77.66
87.70
18.11
76.70
27.77
50.56
5.97
68.77
54.40
73.40
42.23
39.34
74.31
64.95
48.09
86.03
20.54
18.89
60.68
24.88
31.94
87.06
18.00
56.28
21.15
28.49
35.42
15.73
26.71
28.77
69.04
46.43
67.73
30.29
1.45
73.54
66.75
38.18
10.79
79.38
11.09
40.26
80.71
8.94
81.40
61.46
75.82
85.14
45.60
68.25
4.18
14.21
15.82
58.27
73.54
5.53
83.51
63.98
17.90
45.57
59.83
37.42
73.43
87.04
39.86
23.77
88.97
35.13
30.53
49.42
23.54
61.15
4.09
31.17
11.28
79.93
66.72
17.06
55.17
19.73
3.29
10.35
51.50
57.01
23.79
9.60
64.87
38.44
50.01
80.76
5.93
46.75
14.20
71.68
49.29
63.16
9.34
48.02
78.74
80.98
68.52
34.58
30.73
21.52
41.35
7.11
50.99
14.43
83.30
46.93
34.59
27.40
69.62
49.79
62.71
85.05
12.10
105.03
9.96
93.98
20.16
69.16
39.26
34.16
59.36
52.09
52.95
79.89
60.51
58.02
38.96
13.50
74.57
50.72
11.68
33.64
73.72
62.77
4.44
47.95
9.77
85.92
92.46
17.75
101.45
27.91
12.08
82.41
25.55
82.51
17.82
1.05
10.73
78.19
31.17
54.96
5.62
24.98
9.36
21.03
6.11
46.74
39.57
30.68
9.93
39.48
80.26
85.58
88.73
51.26
25.51
52.15
68.00
13.55
13.92
83.93
5.33
84.41
24.73
48.67
18.06
24.83
53.35
14.95
24.98
26.32
6.68
74.07
30.20
5.65
6.41
53.78
28.51
78.22
81.57
61.37
75.96
30.52
66.60
27.66
58.58
38.44
18.63
77.51
37.21
10.47
63.04
92.39
101.68
55.63
44.80
93.40
80.54
68.50
92.50
28.44
30.98
49.45
82.04
98.40
18.82
33.57
16.35
48.91
23.91
60.76
48.95
62.22
9.88
11.31
76.31
56.77
42.47
50.90
19.58
56.89
27.30
33.95
85.95
27.04
52.28
35.09
47.82
88.42
2.63
29.23
62.34
60.17
27.71
45.04
41.73
22.74
11.05
42.38
37.06
63.36
41.79
58.96
11.41
27.04
78.44
77.85
42.15
21.57
20.84
24.82
64.54
60.14
47.07
70.28
14.85
11.59
68.37
33.45
32.59
12.24
60.49
20.77
69.64
52.01
15.89
10.05
30.51
46.36
60.11
81.21
53.19
26.15
63.09
71.53
39.34
6.53
63.05
22.00
37.89
1.57
71.01
38.91
48.50
98.20
101.03
102.19
67.09
75.76
73.10
83.67
77.17
55.88
37.23
21.77
52.07
48.59
59.85
45.14
36.79
34.40
7.90
38.59
53.14
32.70
62.04
23.87
45.73
24.02
72.90
12.70
16.89
97.89
29.72
62.82
34.24
23.51
54.67
62.72
80.54
54.31
80.77
30.06
61.82
29.44
87.96
74.30
15.00
49.09
75.16
26.05
54.88
81.66
20.77
57.90
64.92
56.46
24.68
36.42
33.48
46.72
62.92
95.72
43.11
25.52
90.04
30.27
85.88
87.61
30.55
12.53
54.75
10.23
17.99
45.92
65.28
12.65
27.90
45.55
72.15
10.75
39.83
61.01
41.24
1.12
79.70
18.86
4.16
57.31
77.74
5.48
20.05
7.17
93.34
68.95
18.87
77.83
56.91
22.58
35.10
7.83
43.13
57.09
98.96
109.48
128.93
50.00
91.96
108.34
39.55
122.04
61.91
8.18
34.48
73.65
30.17
7.37
51.86
8.95
30.12
25.62
17.39
89.26
2.96
90.62
44.80
2.55
20.08
39.97
17.56
23.68
4.74
24.89
50.70
36.42
74.65
64.41
71.52
46.12
35.63
54.10
16.14
76.91
22.25
10.72
20.48
58.82
44.28
70.08
54.64
24.74
29.77
83.39
66.34
21.19
74.58
29.13
95.82
40.17
47.58
6.07
14.07
77.76
95.62
62.68
71.27
51.78
61.68
4.73
64.10
50.82
19.75
49.65
72.29
22.03
45.74
91.04
52.12
25.75
66.43
21.94
5.39
93.84
65.21
81.08
69.90
21.84
77.49
19.33
47.61
34.86
4.70
114.36
93.17
67.86
76.34
15.75
35.21
39.62
9.79
60.47
32.40
61.75
47.01
52.19
91.92
42.48
60.36
53.42
12.18
27.40
57.90
8.62
60.39
44.07
95.35
28.94
92.69
48.73
6.36
30.66
68.48
98.89
133.43
89.97
63.75
120.74
51.71
62.52
58.31
90.68
122.42
143.35
125.45
79.12
78.89
60.69
143.11
69.24
148.38
78.30
118.86
108.93
119.61
131.73
58.07
61.64
58.23
126.11
113.86
60.60
57.40
52.21
62.99
99.68
62.98
90.64
80.41
85.57
54.63
65.82
33.57
69.90
49.32
134.76
60.87
50.47
95.16
97.06
82.89
130.76
83.03
63.63
45.51
12.23
53.25
13.32
45.91
47.42
67.21
53.69
78.59
69.48
43.81
76.02
26.54
65.28
51.00
10.29
13.68
38.61
79.00
55.50
74.60
59.09
54.32
38.39
21.49
101.10
94.82
37.39
112.96
50.19
81.80
76.57
25.04
97.52
76.00
98.56
56.04
39.37
84.23
60.12
66.13
18.34
57.82
4.47
11.50
11.67
87.07
23.35
88.39
102.56
60.41
98.07
32.37
57.50
24.28
17.36
56.28
96.59
84.62
64.52
63.04
38.10
29.47
16.88
91.98
76.66
50.35
13.94
62.52
62.91
81.51
68.27
18.32
80.84
35.72
59.27
63.17
6.21
68.42
83.32
27.60
49.99
56.04
8.93
34.44
65.52
8.52
80.58
85.63
44.72
31.04
2.55
27.06
4.08
24.64
49.57
3.91
14.22
16.51
127.47
72.37
43.69
44.24
74.34
78.42
93.54
88.39
45.64
132.50
24.52
39.17
55.56
42.60
4.54
84.85
25.99
50.39
8.77
55.17
