66.19
84.01
28.04
50.20
77.95
31.84
16.06
62.65
82.12
52.02
87.82
6.65
10.36
52.03
64.04
63.54
81.48
45.66
86.96
58.18
22.31
16.27
48.99
22.14
28.10
68.90
21.34
31.48
8.96
25.71
43.24
23.14
102.01
73.74
4.86
27.74
44.30
11.92
3.41
8.94
17.41
52.42
86.82
8.78
73.20
28.38
58.64
48.43
32.48
14.16
89.99
8.90
9.64
48.93
78.38
56.80
74.58
71.81
47.89
21.99
14.64
75.65
67.53
58.09
56.49
74.29
10.88
52.58
28.37
46.69
7.97
77.91
47.25
90.73
61.69
8.58
72.10
3.48
51.85
69.62
96.17
17.99
57.78
20.66
93.13
35.86
91.01
28.30
5.28
58.58
79.93
82.24
59.14
62.78
83.29
81.78
83.85
30.45
26.14
74.14
66.99
12.80
75.00
28.70
14.07
7.90
77.07
66.67
10.58
18.59
60.51
31.29
66.19
31.03
71.76
22.58
17.07
24.42
65.63
75.81
6.30
71.32
70.45
59.37
39.57
9.34
39.31
23.72
19.80
39.04
80.13
34.00
2.25
29.71
66.87
11.05
35.26
29.87
23.36
20.49
20.96
80.39
3.71
6.63
7.22
54.34
46.39
19.05
3.74
56.04
36.25
29.27
73.44
9.90
35.48
36.95
37.34
13.30
49.36
21.53
53.33
106.50
88.38
73.01
44.19
90.33
26.26
62.92
69.48
14.38
88.32
83.74
46.67
3.08
8.40
59.43
85.58
18.28
86.97
65.19
47.43
91.08
80.25
55.94
30.68
65.31
36.75
35.12
67.48
31.71
21.33
35.15
23.49
24.44
1.26
29.75
24.56
60.35
12.62
26.55
14.67
50.82
3.34
36.65
45.26
15.96
43.11
44.62
28.64
5.20
78.49
33.71
91.65
36.39
67.22
11.42
24.95
39.92
67.76
33.42
87.34
67.52
77.51
15.36
24.33
7.09
35.30
47.78
20.31
26.52
46.09
32.63
52.06
59.17
56.69
27.59
73.44
25.82
2.52
75.57
79.87
24.62
72.01
71.11
49.52
9.03
38.17
42.50
29.96
40.79
88.02
71.96
62.49
108.92
29.63
100.24
74.29
39.11
48.90
78.86
64.90
68.78
32.30
65.39
74.66
38.85
16.01
71.02
58.10
73.49
37.11
69.20
11.47
32.90
25.44
3.84
10.00
37.74
42.06
61.97
87.08
30.85
29.31
69.09
51.33
19.24
6.32
49.95
7.63
5.12
37.92
79.78
33.23
10.96
77.89
10.82
45.25
56.92
41.28
43.52
6.50
65.40
7.21
8.00
40.24
4.36
65.39
52.98
5.88
22.87
71.39
46.14
82.36
73.64
63.86
82.65
39.66
73.38
28.60
58.79
62.58
63.68
27.60
24.31
60.68
52.27
56.37
23.60
53.93
30.45
51.03
61.81
30.81
25.34
66.54
12.87
33.78
55.64
50.98
20.94
56.29
56.63
41.06
58.50
39.52
53.86
68.76
36.86
50.29
45.87
18.35
67.43
53.49
76.52
19.30
9.78
38.92
39.79
38.90
51.71
90.93
3.33
74.58
71.15
33.80
58.91
58.47
18.21
45.13
23.35
2.52
10.93
1.04
23.76
51.51
50.62
68.23
32.18
78.07
67.05
73.88
82.68
91.12
45.89
83.87
68.97
72.86
76.76
78.74
15.88
80.73
32.99
82.64
5.49
64.68
6.59
26.97
55.81
20.35
53.16
66.69
68.34
22.64
87.73
34.81
49.29
77.66
79.48
16.09
55.75
113.88
100.93
49.16
38.59
52.20
25.16
96.10
16.50
105.65
40.79
43.47
59.05
6.51
30.42
14.30
28.28
6.40
31.69
31.04
72.41
84.93
29.41
73.08
19.05
69.27
84.83
17.30
35.98
23.19
55.86
65.66
57.60
84.71
23.90
57.09
23.68
60.52
12.36
54.71
64.78
51.82
91.84
76.14
43.46
20.33
78.66
18.80
57.22
91.49
15.66
38.62
126.78
68.81
119.95
106.47
61.98
97.28
59.53
71.10
100.62
93.55
73.21
20.15
94.52
61.47
6.78
20.64
22.72
5.74
62.60
17.90
14.19
11.75
82.73
31.18
38.44
82.30
13.31
58.06
17.16
35.11
28.37
20.41
45.28
57.70
68.55
11.19
88.06
32.97
50.19
41.90
29.25
52.97
91.85
47.16
86.99
36.27
92.66
60.74
16.45
44.19
70.02
81.63
19.21
37.32
10.47
80.28
65.50
21.94
53.72
18.57
32.35
27.90
15.57
54.12
10.16
48.30
10.33
61.65
31.17
10.38
89.08
75.60
46.24
46.17
73.31
39.21
28.90
48.84
12.51
78.66
54.07
56.98
92.30
28.12
67.17
91.27
68.37
77.18
82.38
88.68
56.52
49.40
54.26
43.80
71.76
37.28
64.55
20.58
45.54
73.58
49.11
47.32
70.20
59.04
91.31
62.80
52.12
3.08
25.81
94.32
79.37
39.65
67.99
94.46
71.10
29.64
47.16
51.54
48.45
62.27
91.55
37.59
79.82
19.42
25.11
25.65
24.17
68.67
30.14
18.02
96.21
101.38
52.46
98.90
62.10
58.25
74.48
71.28
50.29
91.22
27.96
74.01
30.20
52.34
20.81
93.86
58.54
75.70
91.46
54.72
3.14
54.69
3.49
26.29
58.86
69.14
66.93
56.06
64.44
50.45
49.36
51.76
40.55
20.18
14.25
76.01
35.97
58.77
61.87
71.56
88.48
59.30
16.91
78.37
12.58
12.71
11.17
41.57
17.40
94.06
62.24
47.22
74.45
28.45
85.85
33.86
3.03
19.76
22.41
25.25
65.42
76.96
62.89
39.15
24.33
35.15
25.84
71.82
88.34
104.65
37.91
94.47
101.78
79.50
67.13
109.02
52.40
84.64
39.36
98.08
79.45
97.50
36.89
87.90
99.01
22.23
11.00
76.71
99.73
107.98
20.41
102.36
89.37
44.41
59.68
68.05
19.25
34.03
70.75
43.96
117.06
81.42
102.33
112.25
73.73
60.89
12.79
79.13
12.59
77.09
92.49
57.76
81.23
76.65
49.04
61.04
36.41
22.71
44.82
40.20
49.44
9.77
14.67
38.66
17.97
66.52
72.89
24.62
18.57
8.26
53.15
20.43
58.45
51.87
12.15
54.79
89.02
88.11
84.11
56.85
45.71
73.81
90.26
37.15
61.93
70.63
32.97
80.83
65.75
11.62
21.83
29.31
44.88
15.34
40.68
32.37
25.05
40.95
66.83
67.81
73.85
21.73
94.60
42.98
71.03
27.81
101.90
25.82
19.08
48.98
25.72
33.98
63.57
72.10
43.91
88.07
60.26
78.23
54.87
56.88
27.48
38.47
92.74
4.36
8.25
15.43
20.06
47.87
52.19
93.50
60.30
48.17
22.84
82.84
52.99
49.56
23.51
55.03
57.76
47.94
21.17
17.70
58.99
42.00
18.57
31.68
1.74
17.35
47.53
12.34
79.15
26.14
63.47
94.49
10.85
87.93
45.97
57.54
9.40
47.44
8.56
85.36
5.17
34.63
64.62
79.75
57.79
12.87
9.15
53.40
61.42
84.27
49.23
63.85
69.64
26.18
52.93
38.07
89.81
82.38
49.64
60.00
74.46
17.42
54.52
18.12
63.83
18.70
47.80
58.84
3.36
28.20
6.10
27.88
61.28
21.60
13.91
80.95
29.71
7.81
59.92
80.75
58.12
45.11
37.63
61.21
56.94
36.44
18.57
29.41
33.78
12.09
9.41
17.11
25.17
13.19
12.65
12.19
27.25
86.06
88.70
3.99
56.28
53.43
17.15
4.16
57.89
7.81
67.71
46.51
76.49
79.15
38.54
48.03
53.52
2.17
15.41
25.23
49.10
70.85
43.63
31.49
44.81
74.76
26.32
40.49
78.11
21.74
51.90
58.22
48.55
73.74
57.93
31.65
27.35
66.24
59.00
54.78
22.32
9.60
13.06
58.03
85.89
1.60
89.03
21.18
86.21
68.38
59.08
43.47
27.23
60.66
37.24
12.15
6.39
25.40
4.40
80.82
22.15
79.80
66.98
78.72
78.17
69.68
48.46
37.58
76.56
48.37
23.34
15.94
85.08
43.41
57.08
20.74
62.99
54.64
62.42
49.81
38.06
31.13
79.96
43.29
20.34
59.56
20.70
81.65
56.35
29.28
80.36
69.12
86.68
62.83
72.59
68.02
47.20
35.92
31.32
51.99
56.08
28.44
79.34
42.47
29.79
84.63
82.26
24.29
8.35
46.27
53.87
25.06
72.63
33.36
80.44
38.80
52.89
82.26
32.89
13.03
77.33
18.06
45.65
55.15
65.49
61.38
15.31
50.88
36.52
6.52
25.46
74.66
98.47
67.07
21.49
6.53
93.22
50.81
14.80
93.76
49.98
84.90
88.33
32.61
20.02
46.21
44.31
46.54
11.34
83.00
38.93
40.43
53.10
70.03
43.79
3.52
41.54
27.10
79.86
78.29
37.41
86.99
47.18
35.61
48.65
50.58
1.69
33.43
50.04
40.68
40.34
32.44
33.26
50.44
11.66
89.45
67.89
10.35
77.01
70.94
68.08
76.43
45.78
51.58
40.21
87.98
78.93
26.80
61.30
80.66
50.98
76.04
91.79
62.20
11.96
101.66
18.32
86.85
9.98
23.87
52.81
42.07
50.83
52.58
39.45
28.44
28.63
71.46
7.80
14.27
20.45
55.60
24.14
20.16
74.09
75.64
40.87
52.86
7.30
69.41
22.65
78.05
88.64
85.40
89.24
31.44
39.58
27.44
47.67
44.29
15.52
34.38
88.77
58.30
13.26
48.42
45.76
46.45
75.55
90.31
88.59
13.97
31.29
6.45
22.51
3.83
14.58
1.40
35.43
65.65
74.32
84.93
48.86
39.30
32.80
20.93
22.75
79.18
42.06
49.65
14.27
12.24
87.96
86.97
6.19
5.70
20.92
12.72
72.34
79.21
52.62
56.00
37.58
68.31
56.76
107.92
29.77
109.45
92.29
25.80
88.16
3.25
34.41
47.12
18.68
29.72
63.07
2.34
17.14
23.83
5.52
35.85
88.75
73.65
1.84
19.21
18.30
78.88
9.44
45.80
18.66
63.28
92.81
46.19
123.65
40.99
85.21
53.27
86.82
71.00
90.28
21.46
36.65
99.48
30.67
62.14
95.16
30.59
26.14
116.28
105.24
93.09
96.22
67.22
47.62
59.15
37.89
54.03
56.51
89.16
85.10
63.74
91.85
77.21
49.62
69.80
7.00
70.04
35.45
21.29
13.87
68.42
74.39
51.92
76.01
92.99
28.01
9.23
71.79
75.58
78.78
31.09
80.05
15.29
12.78
30.02
73.53
77.76
13.66
70.71
35.67
118.60
76.45
72.59
52.97
114.13
109.81
82.40
49.80
105.14
70.58
42.66
16.09
36.99
43.95
20.62
21.72
71.62
39.98
9.22
48.67
24.27
42.84
87.96
35.18
26.44
84.29
38.12
70.34
58.16
80.31
57.80
27.02
19.54
51.37
34.25
76.85
29.69
29.78
29.64
24.76
37.62
96.87
89.32
85.51
25.26
105.94
27.63
49.90
103.43
116.30
66.74
86.70
67.92
70.74
60.79
66.33
52.92
8.41
43.56
25.26
20.83
96.87
18.26
61.31
17.18
35.47
58.53
52.91
65.86
21.90
71.36
50.25
64.01
72.41
76.18
8.17
21.35
86.97
71.25
66.24
16.46
89.35
89.82
24.24
74.20
48.90
63.68
27.82
77.22
58.38
69.55
5.20
80.90
12.74
33.91
57.01
32.93
93.08
27.65
85.02
82.71
44.02
51.39
32.88
6.43
46.08
21.27
24.30
84.22
39.70
97.09
88.27
61.43
13.04
24.73
51.77
47.56
9.51
7.52
5.22
84.58
38.58
97.15
24.39
58.95
27.76
93.98
12.54
100.82
20.34
107.76
72.23
85.47
29.57
105.62
37.28
41.51
95.04
51.68
38.72
51.69
52.42
75.47
80.88
28.63
33.53
68.19
62.33
51.74
25.58
87.45
81.91
79.51
87.83
30.17
62.07
80.14
11.48
83.11
75.72
82.88
81.22
39.12
58.52
29.94
13.44
36.56
42.14
57.71
61.92
69.08
64.64
37.02
43.69
63.15
5.88
64.68
67.56
71.10
79.60
48.07
1.84
17.59
74.42
60.12
12.55
36.70
67.27
76.97
31.19
15.42
93.79
96.35
63.31
49.32
3.91
12.60
31.87
36.49
54.27
45.00
9.02
64.98
35.61
12.63
39.75
39.78
7.26
56.87
34.58
82.64
62.63
15.44
91.03
33.66
26.47
15.00
64.85
13.25
13.04
86.69
14.22
67.08
54.24
64.46
15.03
15.92
46.94
56.95
41.64
34.19
6.89
98.13
2.03
70.25
19.26
17.91
10.08
17.54
74.41
38.99
20.54
69.93
64.61
34.85
71.49
104.68
92.89
10.46
88.88
8.89
66.36
30.77
92.13
66.23
23.22
12.98
54.12
14.54
13.52
19.48
37.28
43.09
1.18
8.72
19.99
83.80
65.68
56.60
19.50
38.05
60.46
38.47
52.55
2.61
22.70
46.69
14.22
37.90
21.80
43.66
10.20
16.49
93.72
102.55
76.09
103.28
49.53
80.20
57.21
78.65
8.42
38.00
17.36
37.20
85.20
24.12
28.36
59.15
65.12
14.72
59.78
86.79
33.64
77.27
10.78
20.34
9.50
42.12
45.82
8.15
4.30
13.85
52.09
78.12
91.32
43.01
92.10
12.39
17.85
64.37
32.52
24.69
76.01
16.63
20.72
79.15
69.30
70.98
20.36
1.83
4.26
12.26
16.20
19.91
8.62
80.71
9.61
24.96
37.52
57.83
41.12
19.17
15.61
40.08
14.93
55.41
31.05
37.83
65.66
55.17
28.18
28.43
64.52
75.18
36.42
10.64
56.89
53.85
35.89
59.73
8.33
14.07
31.04
52.55
6.56
78.82
43.93
58.52
33.16
4.71
63.86
9.13
23.24
76.52
75.21
44.18
9.71
6.54
37.01
17.70
31.67
62.74
11.57
29.23
56.66
67.48
84.97
89.26
73.77
30.51
67.47
34.80
41.60
14.14
74.07
58.04
64.73
27.21
6.20
33.61
65.96
17.77
13.34
46.81
31.44
79.08
32.07
1.87
70.06
68.59
51.30
13.90
24.43
9.58
9.00
71.23
68.79
67.73
35.24
99.24
31.99
69.67
87.09
46.84
119.51
66.89
90.11
74.72
88.20
98.65
6.47
91.87
15.73
73.18
14.96
64.83
62.41
87.74
79.14
90.46
47.64
2.39
19.16
47.24
18.97
35.91
38.64
64.68
70.41
34.97
39.12
14.18
80.15
20.53
68.63
72.35
67.33
8.35
61.66
5.20
5.12
70.05
33.62
60.26
81.63
8.07
68.74
69.65
20.21
20.22
84.05
48.52
10.61
42.33
53.83
22.78
13.32
51.69
10.59
13.54
59.29
81.57
47.11
69.24
4.57
52.96
57.83
82.74
17.56
14.23
22.64
35.92
61.82
22.00
4.08
47.92
26.15
23.96
75.41
48.39
70.45
28.65
63.82
18.78
36.36
87.35
1.74
71.83
56.65
7.26
87.18
63.32
11.79
45.72
72.26
49.28
77.99
15.48
12.05
70.81
2.75
11.01
57.42
42.70
71.43
7.14
13.35
89.10
76.51
44.07
41.03
68.32
30.53
61.76
56.83
85.13
78.24
83.34
50.84
102.35
15.33
23.01
5.81
40.64
6.83
46.53
45.19
65.38
44.58
56.95
27.56
51.54
96.67
103.91
90.10
23.23
102.28
63.92
97.06
76.48
73.48
53.09
79.17
54.76
45.55
18.84
3.16
16.14
8.10
70.25
101.74
85.91
49.16
71.08
87.87
33.48
20.18
50.35
46.43
82.57
7.30
38.40
93.34
17.17
58.16
44.42
38.17
41.79
51.13
68.13
58.61
88.16
145.71
87.50
66.99
65.84
74.33
112.51
116.99
75.00
108.51
66.17
40.90
39.93
75.10
111.11
69.97
94.38
70.78
51.25
24.97
79.80
8.79
75.03
101.01
68.63
28.05
63.41
33.13
96.59
86.50
132.75
93.48
133.40
110.98
91.33
63.20
116.44
43.02
90.75
4.23
38.65
38.94
68.06
18.91
57.13
40.93
55.47
9.37
9.57
64.58
81.30
105.14
52.02
6.54
68.07
24.61
76.90
73.93
108.72
75.41
103.40
64.11
110.75
53.86
53.37
7.57
84.98
58.38
91.57
43.31
35.55
90.87
86.15
38.51
5.29
12.51
56.81
32.73
7.41
47.57
59.75
11.89
91.33
21.32
16.99
21.75
13.51
84.01
125.69
121.39
61.04
143.40
73.09
61.05
117.63
129.51
62.14
104.77
37.84
41.36
69.48
73.31
23.15
47.05
26.92
31.22
85.45
82.79
6.39
14.53
71.55
30.74
35.46
8.43
41.30
24.14
55.67
42.03
81.38
88.47
43.20
28.17
80.63
64.03
17.24
6.93
4.29
15.70
55.44
92.28
8.02
43.64
126.33
113.50
83.17
105.41
121.60
78.39
78.89
9.85
73.92
100.08
69.22
78.89
39.13
22.50
74.38
75.14
49.30
87.88
42.29
11.27
13.57
19.26
84.91
20.04
74.44
56.03
59.61
31.11
50.34
16.15
19.44
15.37
13.21
9.13
40.39
8.76
103.64
58.30
72.52
14.01
80.13
107.92
38.34
110.92
82.30
43.70
31.93
12.16
32.83
22.56
11.78
27.95
23.14
43.31
27.61
33.24
46.27
17.31
35.68
88.20
27.71
41.17
100.27
71.61
27.16
7.95
49.86
42.71
37.55
90.81
84.30
29.19
93.63
83.97
81.95
65.23
6.25
89.42
72.19
65.95
76.19
84.25
10.72
74.66
63.30
81.23
80.29
72.70
56.38
21.46
78.38
28.55
2.68
46.83
41.15
11.58
102.40
57.33
52.37
9.25
45.52
5.95
27.69
75.41
93.25
50.63
27.08
22.10
5.68
67.61
41.19
89.34
1.66
93.05
54.64
40.29
28.77
18.50
52.98
14.73
28.41
26.93
95.08
49.13
46.13
44.69
33.13
33.60
62.48
50.02
77.95
83.62
6.74
8.97
32.01
62.71
34.20
20.34
95.88
30.92
12.34
53.31
28.58
72.27
72.60
50.51
