58.31
26.83
32.91
43.16
26.41
80.56
49.62
65.61
65.64
22.24
6.65
32.83
48.56
19.47
47.53
46.09
29.46
63.59
50.34
69.45
57.04
81.47
23.60
55.05
42.27
29.71
92.65
81.10
90.90
84.59
49.27
94.03
62.57
35.71
83.42
42.59
33.78
46.10
30.76
26.72
7.15
19.69
72.55
83.62
51.02
4.11
23.13
24.97
23.53
13.07
15.01
59.34
98.53
78.06
31.63
54.82
50.20
59.96
17.75
55.88
13.67
73.78
74.83
87.69
6.11
30.92
4.98
81.07
30.93
74.99
78.51
78.77
25.35
8.40
29.44
52.10
38.52
12.66
80.64
30.26
48.73
32.25
15.19
26.38
75.95
93.81
77.69
22.04
18.54
71.55
72.77
78.23
13.34
51.01
82.35
42.59
35.25
50.52
30.59
81.99
32.49
51.10
17.38
22.04
84.79
57.73
17.08
63.57
67.87
25.07
90.32
116.99
43.86
62.29
16.23
67.40
9.89
52.67
30.98
44.72
56.78
44.99
88.73
39.98
32.88
53.81
91.89
71.95
61.62
80.31
47.10
71.83
51.83
70.15
8.36
11.48
49.00
66.29
44.92
68.42
72.01
16.38
74.40
57.54
70.12
10.26
17.03
28.58
40.17
41.41
82.50
51.84
36.00
53.50
35.16
14.27
56.32
79.99
82.01
18.52
14.88
67.37
62.02
38.06
35.70
15.97
5.73
40.74
28.45
55.17
44.71
95.64
96.09
18.11
56.08
63.35
51.79
20.46
17.13
88.20
88.32
6.05
92.88
83.44
65.62
60.92
60.63
23.57
31.20
28.21
3.77
10.21
49.19
11.50
24.83
44.59
33.32
9.12
34.21
54.50
28.70
13.84
43.19
10.26
63.12
72.42
45.65
15.61
28.99
64.99
62.15
87.29
85.78
71.43
12.26
30.01
62.11
6.10
59.02
14.17
6.29
33.40
50.24
79.94
5.61
51.40
17.11
33.55
24.21
4.72
36.30
98.85
49.04
38.31
73.68
65.25
96.57
71.63
24.07
57.16
71.76
11.37
63.44
41.88
66.78
3.80
72.09
71.32
30.00
66.57
6.41
38.33
89.76
18.89
76.89
22.39
29.52
11.26
44.71
54.67
87.38
15.94
60.46
45.67
8.43
16.39
56.17
20.15
47.74
29.28
40.26
3.61
74.64
28.84
83.78
77.62
14.02
28.44
37.16
28.09
72.99
72.53
13.80
68.95
62.64
4.08
34.77
75.06
45.57
40.09
80.94
31.48
36.60
6.48
33.92
77.12
27.59
32.84
32.59
25.28
83.22
1.28
81.83
3.31
42.56
81.73
33.07
71.04
57.13
57.83
17.56
27.81
78.24
42.35
77.80
30.08
71.90
66.84
5.03
64.73
31.08
31.53
42.90
23.18
26.97
66.11
20.82
86.62
61.07
28.63
54.50
30.97
4.63
41.36
59.19
84.79
10.57
76.42
44.91
29.59
87.68
64.82
1.93
93.85
58.24
89.75
70.80
50.11
28.20
57.10
122.88
125.48
58.41
107.63
33.02
47.01
108.08
34.19
119.58
124.12
75.30
28.32
30.84
52.06
57.88
7.73
87.62
20.68
4.58
78.94
87.60
69.00
4.18
86.82
41.19
86.25
10.77
66.41
84.93
24.99
37.85
14.42
7.52
85.12
8.61
76.89
40.49
58.41
77.62
70.42
84.22
12.57
71.01
50.88
53.11
17.30
28.18
51.79
46.28
64.06
72.97
2.68
20.23
64.68
77.32
80.48
91.70
83.67
54.14
54.89
39.04
64.00
89.22
65.06
37.63
61.16
21.70
64.77
60.66
60.77
10.44
79.47
42.93
59.41
90.49
7.49
38.78
6.83
59.96
83.06
73.64
76.32
48.49
36.54
47.17
23.68
25.95
67.06
67.60
70.99
87.29
50.39
47.17
14.26
43.40
93.79
3.12
82.86
50.27
78.34
51.27
53.31
21.39
86.51
81.17
71.48
13.54
54.47
2.63
95.99
63.88
22.06
75.84
37.87
35.08
82.91
31.86
85.56
51.30
36.27
6.54
43.87
41.92
17.14
69.86
44.37
60.77
32.62
91.15
40.12
93.80
63.31
86.14
95.37
41.97
22.08
32.26
39.80
92.83
11.30
106.20
88.06
23.07
61.63
66.20
92.62
93.99
22.24
71.63
76.47
67.70
69.86
68.15
47.94
25.77
55.40
75.09
84.95
5.93
42.67
22.39
35.70
51.78
45.37
3.27
59.72
7.75
82.60
60.55
82.43
75.28
27.50
64.57
92.20
26.52
22.93
25.98
75.55
55.65
92.98
5.48
79.00
67.60
64.39
53.58
75.40
12.98
73.44
54.10
57.70
36.96
36.45
86.12
84.19
37.61
86.44
73.73
85.80
81.93
56.61
34.67
38.75
115.93
85.98
31.27
78.08
19.06
104.78
18.93
111.34
80.97
87.51
31.41
9.79
53.69
22.08
18.48
73.33
14.63
59.46
78.52
66.09
55.97
72.35
99.01
86.44
22.36
53.16
32.66
29.74
39.35
28.76
71.70
28.44
66.64
82.57
48.88
43.46
40.19
51.86
46.05
75.10
34.04
53.81
5.51
5.68
47.31
84.82
87.19
27.13
45.38
9.10
36.01
100.87
10.50
40.97
90.65
37.13
64.98
18.45
50.62
39.00
63.36
57.65
25.04
77.16
34.71
17.18
27.52
58.04
86.44
65.09
92.44
48.72
95.93
52.13
72.51
3.47
111.07
17.94
84.63
32.58
94.91
88.24
87.02
9.50
45.93
101.00
57.24
9.09
114.36
131.85
110.71
123.76
63.39
142.56
105.34
97.78
135.65
66.08
82.21
15.60
93.64
45.09
100.76
17.81
62.41
106.25
30.46
66.43
18.37
91.49
67.44
44.55
12.63
47.74
71.94
72.67
67.54
45.01
47.64
46.69
24.93
7.29
67.48
50.67
5.81
92.60
85.29
72.89
22.88
97.57
6.56
62.47
16.39
25.91
67.63
63.91
23.52
74.50
23.41
83.25
36.26
98.42
44.00
56.72
75.89
89.49
46.18
36.57
59.85
59.84
66.49
55.03
27.22
80.17
61.79
3.55
25.55
84.04
69.19
25.81
3.84
51.24
51.89
83.82
72.57
43.65
27.55
40.62
68.27
94.15
29.32
66.58
80.26
79.74
25.66
87.87
55.74
72.61
9.06
41.06
39.76
41.67
7.58
86.45
14.08
66.21
59.52
81.58
34.11
10.93
73.89
91.68
99.75
81.34
28.95
55.17
100.61
72.83
61.74
4.91
19.14
29.03
71.55
74.57
83.98
43.69
21.83
37.85
106.36
93.25
61.80
120.98
101.91
122.43
129.21
86.95
77.28
73.04
1.90
83.09
29.64
45.82
33.54
34.10
72.65
45.20
34.16
56.10
41.20
50.30
44.49
64.61
84.50
47.57
76.33
45.58
44.66
48.18
72.15
16.78
7.62
33.40
80.25
36.53
36.65
64.87
33.25
57.11
49.39
31.00
44.09
47.24
33.81
14.10
14.30
27.10
67.88
26.90
84.79
78.45
5.46
72.32
74.12
72.13
50.62
13.78
61.90
50.71
77.09
15.87
7.57
58.05
45.04
50.33
49.01
26.67
90.91
13.73
13.40
75.27
57.28
20.26
19.75
71.30
53.15
41.20
84.30
83.87
19.98
49.36
31.61
11.41
18.54
47.18
46.42
50.26
74.37
29.50
33.34
84.21
105.54
52.55
98.53
26.15
58.93
112.26
79.65
90.57
62.08
1.73
5.10
80.76
44.33
73.14
10.30
9.98
87.66
34.15
80.82
32.10
69.29
82.49
39.99
24.03
73.93
21.32
60.76
51.95
73.48
34.33
29.97
34.24
62.42
88.28
9.27
85.99
77.13
63.73
14.85
37.71
50.05
72.29
15.44
5.31
8.82
16.82
14.84
15.61
36.44
43.37
65.62
86.79
25.04
35.49
54.53
69.32
77.99
36.93
25.20
27.49
54.86
28.52
30.72
41.71
23.63
27.75
88.29
78.72
78.83
28.64
80.86
27.36
68.28
64.03
55.02
56.42
71.92
9.84
79.34
76.02
91.08
91.23
22.71
67.09
21.14
45.70
43.93
83.30
42.39
55.40
54.55
66.82
4.67
66.88
40.71
76.38
33.54
86.79
1.81
48.72
2.91
36.48
16.11
83.25
26.44
12.71
26.09
17.59
57.98
54.71
64.26
62.14
41.73
46.45
34.71
4.30
38.17
9.31
58.45
115.22
93.86
43.10
44.72
31.20
91.87
107.21
65.22
49.66
2.61
71.33
18.68
65.53
82.34
52.04
2.30
32.02
75.67
39.63
6.78
44.05
40.66
77.63
36.11
68.16
61.55
6.28
55.42
8.19
72.45
36.86
62.20
99.59
54.89
15.97
70.46
28.06
24.73
78.36
15.65
68.14
80.36
85.20
74.01
57.80
40.94
47.03
11.59
61.69
22.57
75.06
43.15
53.97
82.28
92.34
86.69
75.66
41.36
4.36
23.64
67.73
3.71
75.95
24.48
84.17
49.40
4.19
12.19
25.81
68.07
81.15
38.65
3.06
23.74
29.98
12.81
1.47
29.36
10.06
56.39
25.11
25.17
1.14
69.25
47.17
47.27
62.20
91.72
71.30
17.71
61.06
12.36
79.91
50.44
18.47
30.70
20.07
55.86
23.55
22.77
28.95
72.54
87.42
43.97
59.92
68.66
46.27
86.45
25.14
59.86
32.54
6.42
33.19
30.27
98.35
92.83
89.12
91.99
88.52
9.14
8.62
46.47
37.83
11.61
20.78
85.76
24.03
91.25
43.39
82.68
9.34
100.23
59.05
70.22
69.54
1.35
17.43
48.27
57.98
97.98
71.65
30.45
47.91
77.07
65.01
93.07
40.88
93.18
44.00
67.29
90.93
56.92
16.52
8.73
55.76
6.05
13.11
78.95
68.62
4.77
12.61
92.88
9.89
25.70
78.14
91.57
29.96
46.45
33.78
60.07
90.59
2.92
47.03
37.54
22.34
66.51
41.33
18.72
81.78
61.19
41.67
53.42
34.71
81.73
76.26
19.68
78.57
14.84
48.23
38.89
77.93
81.73
36.79
29.04
29.97
58.29
80.16
29.37
62.70
17.80
57.52
22.96
72.97
90.95
79.67
16.69
24.10
11.10
42.63
83.93
26.46
1.90
37.23
60.89
41.36
1.72
70.82
81.42
45.36
4.10
5.43
38.57
44.11
26.40
78.67
31.97
85.08
50.48
34.55
63.48
85.73
16.97
68.49
81.61
29.63
83.19
10.61
28.82
56.82
88.00
67.23
12.94
49.47
64.17
16.43
8.66
7.25
17.44
42.62
122.94
48.42
61.12
73.24
78.35
77.87
29.54
123.79
82.00
83.83
17.08
10.57
77.07
37.21
48.31
19.12
45.79
77.25
53.86
8.09
67.42
107.16
23.32
59.00
18.87
50.96
46.49
81.70
57.70
107.38
62.64
32.74
23.06
64.31
36.99
12.09
73.59
80.71
16.87
41.75
103.93
12.92
7.03
30.94
9.72
10.08
86.52
29.66
75.27
67.46
87.53
86.96
55.64
69.17
9.53
26.35
31.25
84.55
39.62
86.70
67.33
101.89
47.27
29.23
6.34
93.06
11.62
35.14
62.52
77.72
106.07
69.73
87.91
105.10
42.15
58.55
86.67
27.51
98.06
74.99
67.20
58.81
112.64
86.91
66.65
29.20
77.47
96.13
19.96
74.02
111.68
41.62
28.55
31.18
105.16
21.87
60.87
44.67
33.87
43.87
41.80
22.44
2.14
85.60
37.20
49.20
53.68
45.22
28.83
59.62
45.91
68.63
15.98
67.46
60.98
73.66
29.86
28.02
82.97
74.33
49.77
19.71
63.01
45.02
27.45
8.20
33.57
59.63
68.64
57.94
91.59
92.45
94.43
45.89
74.78
9.15
45.14
38.72
16.12
75.42
77.67
88.08
39.00
45.25
37.55
11.82
43.08
44.79
41.63
62.62
84.47
57.75
15.92
9.29
21.96
73.56
82.13
55.66
55.68
33.36
28.61
47.43
64.46
38.61
47.59
6.86
21.60
71.47
47.53
32.10
30.52
27.90
1.62
62.60
57.60
48.92
38.54
41.64
36.42
48.03
69.01
23.17
13.90
28.50
8.76
67.81
46.92
33.13
27.93
2.21
17.60
10.38
33.64
6.32
72.74
20.04
37.44
16.02
33.77
71.10
40.05
16.56
4.45
73.41
59.86
11.92
74.52
45.32
11.26
77.18
70.61
64.67
9.52
69.92
89.41
21.40
3.36
82.36
17.41
13.06
63.02
83.66
69.14
59.25
2.04
76.19
40.46
85.59
28.15
51.24
86.87
38.76
32.32
68.50
48.87
12.06
44.46
14.78
57.71
2.46
104.21
51.62
57.05
60.81
60.26
68.63
94.18
30.86
7.32
52.15
87.23
29.86
83.13
28.53
16.98
38.96
38.93
79.03
82.33
25.77
40.07
45.73
47.90
54.97
39.94
42.74
6.59
79.20
76.82
31.82
37.54
91.75
28.95
56.86
2.22
58.10
32.49
33.36
80.85
90.59
42.46
7.38
47.17
33.09
73.72
74.57
3.21
17.64
7.32
36.15
43.07
68.84
38.96
66.88
37.99
52.85
73.45
89.31
44.28
2.29
19.57
47.97
66.40
86.38
19.83
33.42
57.83
63.57
57.92
72.09
84.66
32.27
76.86
47.75
88.55
20.55
78.77
1.87
10.91
88.68
82.36
86.70
36.86
83.01
50.49
39.49
68.01
22.63
46.34
79.39
65.13
40.55
62.23
86.72
81.73
21.74
63.64
37.18
58.56
24.19
65.63
80.57
78.05
12.96
58.11
45.62
20.39
48.00
16.41
31.44
103.32
55.33
93.63
67.69
23.17
5.33
21.85
17.88
34.57
26.69
43.54
102.53
78.74
29.25
91.82
20.53
13.41
34.15
59.34
72.29
22.35
20.11
23.77
13.73
64.53
71.90
28.50
78.02
10.34
16.39
10.97
74.93
77.67
14.02
4.38
70.86
2.81
42.32
78.48
49.77
69.10
18.15
53.88
5.15
73.53
21.30
4.67
70.30
15.15
96.97
53.74
19.84
56.27
47.24
78.91
53.98
3.51
57.59
10.47
53.52
26.66
64.23
7.74
18.10
17.96
45.92
53.29
77.97
36.29
85.63
60.94
24.57
99.45
48.23
32.75
23.98
93.54
63.41
3.92
34.45
40.64
46.94
41.36
84.34
51.72
63.27
52.08
80.31
30.13
22.29
54.79
63.12
79.47
10.49
31.41
41.76
59.54
72.96
72.06
10.71
66.84
56.15
38.18
16.77
1.91
59.70
60.90
72.30
2.14
21.02
84.65
31.75
101.42
65.00
69.29
47.64
55.18
32.41
63.22
38.99
57.68
47.16
1.18
17.67
18.01
46.96
10.60
46.85
70.55
25.51
55.35
57.12
14.09
34.96
59.69
15.30
78.52
59.17
41.25
78.96
3.02
39.00
75.10
45.42
6.54
3.19
27.42
73.08
12.39
10.97
48.84
69.55
32.07
16.21
68.28
80.51
30.53
28.43
83.69
47.22
38.44
68.47
77.04
78.01
9.21
16.11
54.10
54.09
9.56
77.23
38.18
51.76
24.78
50.15
15.72
34.99
20.94
80.92
69.23
5.61
73.81
62.06
46.40
95.68
63.72
60.69
50.53
78.43
73.62
34.86
95.69
123.07
35.00
82.83
61.92
58.09
90.13
65.78
37.31
71.15
13.04
91.52
47.95
61.12
2.65
74.49
53.38
75.86
83.78
25.86
42.14
44.01
82.15
11.49
62.07
71.47
8.17
73.00
7.29
13.96
7.30
78.89
74.69
41.45
16.49
19.27
82.47
84.32
74.36
48.82
59.48
31.00
56.01
51.84
49.91
88.64
70.90
47.76
20.50
33.30
49.10
79.39
73.42
15.10
83.62
41.13
3.88
76.82
74.31
47.50
18.87
113.69
82.62
95.69
87.51
90.49
69.42
57.01
72.11
75.93
3.83
48.54
6.90
78.90
51.18
40.73
20.34
56.52
44.66
54.39
22.95
10.11
90.21
93.26
39.91
79.05
45.84
30.15
44.82
32.33
1.89
43.32
44.37
3.87
18.30
16.67
58.16
31.99
66.30
72.77
59.09
94.10
74.66
70.14
19.49
16.85
75.22
28.73
5.62
20.28
3.67
6.86
52.09
79.87
28.29
49.50
47.17
50.71
15.21
44.71
114.73
85.10
32.90
99.56
46.32
107.65
95.26
41.49
119.31
21.60
20.24
48.82
22.95
96.01
43.25
45.24
40.63
21.07
88.03
53.53
56.87
63.02
111.74
83.56
16.74
12.25
85.17
83.67
22.68
26.42
32.54
77.59
104.20
64.19
73.94
100.19
75.68
11.74
32.51
31.99
116.29
88.41
83.00
85.85
79.60
29.38
36.47
103.07
41.87
113.22
20.99
38.29
10.17
30.19
45.81
60.00
8.73
10.55
3.53
37.35
49.49
11.61
32.68
61.20
46.96
27.28
18.01
70.25
56.52
44.72
17.38
13.64
85.89
69.82
43.96
15.50
21.59
21.89
20.45
66.28
111.11
36.41
66.27
111.53
95.58
65.11
74.89
37.77
17.40
78.52
47.41
80.00
81.13
62.77
29.12
64.11
11.96
66.76
24.75
38.07
116.35
86.45
42.24
84.49
102.13
106.54
28.45
84.45
31.95
79.20
121.26
97.16
129.28
89.96
81.74
113.00
130.54
134.59
147.22
76.29
53.57
100.51
3.29
84.47
21.72
62.19
74.61
79.73
59.07
59.43
8.55
25.56
14.16
7.31
75.78
79.55
30.25
81.91
3.50
45.51
37.01
50.60
46.47
18.98
67.05
94.51
68.99
72.47
76.73
43.82
87.67
43.49
45.20
23.93
63.02
26.35
12.35
83.53
51.60
45.62
17.10
90.61
76.00
85.57
58.60
86.00
64.22
80.06
98.69
27.83
28.49
28.53
62.79
70.25
44.24
41.26
30.12
29.69
15.27
1.33
83.33
52.72
35.49
40.26
6.13
32.97
79.84
63.18
91.56
80.99
83.04
24.30
57.44
49.75
96.37
10.02
84.75
41.90
63.24
40.85
26.93
43.43
67.77
25.55
60.07
18.83
77.39
6.69
6.49
43.58
98.17
69.79
85.50
24.31
94.01
18.99
8.12
13.10
9.22
17.52
