88.70
69.16
55.33
84.28
67.57
78.05
35.57
49.27
55.80
43.27
5.02
82.65
60.76
91.71
78.75
35.19
43.39
93.32
76.04
61.15
68.12
40.31
49.98
26.94
62.24
32.03
25.46
66.54
25.73
25.72
82.60
45.64
56.81
67.10
6.47
46.24
27.58
61.08
64.44
19.59
18.66
99.81
88.47
62.21
87.95
45.36
60.20
64.25
33.86
72.05
57.97
71.28
34.42
85.67
60.69
61.30
36.51
69.39
22.08
26.86
39.34
22.54
26.77
44.32
31.65
6.34
65.51
20.73
69.26
57.50
44.75
68.84
10.69
15.72
42.79
40.54
34.23
22.78
85.18
91.83
81.66
60.20
63.03
16.29
13.04
3.89
70.67
18.14
65.96
46.06
13.97
15.14
18.93
52.25
20.59
35.60
33.75
21.68
22.01
23.96
43.95
2.53
26.67
44.46
35.28
33.24
86.28
48.57
46.47
79.55
18.20
35.03
89.53
88.30
69.75
84.46
22.68
71.95
14.56
60.26
20.98
53.50
49.14
75.91
88.20
47.98
49.11
55.35
71.27
75.19
8.43
79.63
9.79
44.30
47.12
7.48
85.98
69.53
5.90
68.89
29.24
77.65
38.14
75.04
54.21
10.15
7.00
12.50
63.69
65.23
43.11
88.49
50.66
3.73
3.78
77.00
29.71
5.21
4.11
69.30
71.79
26.21
27.55
53.01
45.93
65.26
63.03
60.81
3.59
83.20
1.85
8.55
32.61
30.90
92.23
33.02
62.76
57.94
59.80
86.92
18.17
88.49
10.42
39.41
19.94
57.23
29.80
35.30
45.42
67.69
24.07
69.67
18.98
78.63
44.06
68.60
74.00
57.06
56.79
20.07
15.05
58.88
65.73
47.70
54.24
32.55
32.92
72.21
58.04
26.32
81.81
58.45
25.05
69.96
74.26
32.22
27.45
21.66
38.27
57.84
88.79
68.37
70.09
34.01
6.59
46.23
54.77
3.28
8.29
39.81
57.59
78.35
11.63
34.92
20.42
74.54
49.28
15.24
17.08
48.24
4.71
55.69
49.67
85.65
33.83
47.51
37.44
12.00
74.68
86.46
74.20
76.82
11.01
12.18
13.37
9.94
28.89
31.08
20.59
33.50
84.68
33.17
32.13
29.46
42.43
15.06
21.74
45.50
8.74
31.45
14.10
58.36
5.96
93.20
28.58
76.57
29.14
57.68
24.38
29.68
78.39
45.84
54.46
46.16
3.34
9.60
45.06
32.80
58.50
9.93
80.33
51.69
66.81
57.22
37.11
42.14
23.91
51.47
49.24
54.77
24.31
13.16
45.86
66.12
24.31
68.80
69.49
68.95
18.62
49.62
9.06
48.41
85.39
3.36
39.14
91.53
70.48
18.51
45.82
78.87
68.60
23.86
30.00
12.18
65.17
11.56
74.58
57.01
48.21
36.91
27.47
25.66
7.24
60.69
35.33
22.92
65.65
76.92
76.27
4.33
130.66
131.81
56.65
112.40
55.58
93.64
59.20
120.26
76.95
66.42
85.33
54.50
27.31
67.81
88.93
108.23
58.05
56.11
73.32
80.07
29.31
84.97
8.88
56.18
55.20
10.82
73.45
82.16
66.40
12.52
57.54
45.24
34.81
50.40
49.07
68.76
38.23
87.38
89.35
32.77
55.56
40.30
61.62
5.45
94.66
73.71
91.80
90.94
61.62
67.04
82.80
82.19
6.04
48.39
62.57
39.74
47.16
17.99
18.29
15.01
47.85
42.45
66.05
42.27
19.44
39.83
52.69
81.10
88.61
63.91
82.26
16.11
9.74
11.42
46.32
83.98
28.55
45.97
79.51
50.37
80.82
94.84
75.22
83.55
56.11
40.38
68.10
54.93
51.87
59.82
12.43
43.81
22.27
61.33
18.50
46.16
76.49
48.07
68.76
75.99
84.38
20.95
49.14
44.25
42.23
28.92
65.80
13.10
77.84
64.39
47.70
55.42
53.64
44.93
94.90
96.20
94.19
68.11
110.49
22.87
70.03
75.61
70.60
80.73
61.66
16.77
40.29
83.09
63.03
24.51
24.20
101.15
43.03
87.59
86.01
85.50
18.22
23.99
9.12
30.06
14.71
75.57
88.19
14.75
12.21
5.96
75.19
19.41
38.74
24.12
4.17
18.59
51.42
85.82
28.62
63.43
94.12
81.90
54.40
19.82
91.91
17.72
28.71
7.54
36.44
31.36
1.05
31.07
77.08
27.04
65.84
82.54
35.54
77.07
77.74
31.56
66.69
41.42
59.73
46.34
50.60
87.28
15.44
29.52
87.19
69.43
55.43
45.44
89.40
36.32
71.83
89.73
43.08
79.78
72.23
18.49
63.20
84.93
71.41
12.56
7.32
59.06
88.81
35.39
22.65
23.95
83.88
29.13
48.00
28.72
69.52
51.07
74.37
30.99
50.48
60.91
74.16
42.84
58.52
29.94
35.76
38.06
62.44
100.11
27.25
62.95
29.00
56.00
67.47
49.52
42.52
30.16
26.51
39.47
75.58
26.08
115.12
80.59
109.63
65.16
62.06
7.30
5.73
34.76
30.79
37.86
99.24
28.53
27.09
27.27
93.40
83.44
19.23
69.48
40.03
30.67
17.59
28.95
87.95
1.85
55.94
96.53
19.71
84.19
26.62
67.69
21.23
66.17
29.72
74.61
110.96
87.02
103.79
67.92
69.02
48.52
64.44
108.08
98.16
31.42
86.09
67.97
35.48
27.32
6.68
92.90
23.27
78.37
72.59
62.66
58.33
92.42
102.45
46.16
62.55
92.77
71.57
68.91
89.04
82.81
74.65
14.45
58.13
78.28
55.34
56.49
49.68
70.02
72.29
10.91
68.81
79.21
98.18
22.73
46.98
99.13
41.49
20.34
44.87
43.19
72.95
81.00
80.93
44.21
97.67
61.12
34.31
56.86
30.13
34.56
40.48
41.64
19.41
93.30
52.68
31.53
35.66
57.89
2.75
53.27
107.83
51.18
137.32
66.25
130.73
99.33
51.78
80.40
140.81
90.50
37.43
45.79
70.80
54.69
10.63
44.79
63.89
49.89
65.02
19.97
1.46
85.54
28.94
70.24
51.28
79.79
30.49
24.05
21.67
55.38
2.62
78.25
1.34
45.20
46.14
53.58
72.09
39.04
36.55
68.20
53.06
27.41
47.98
34.56
55.54
33.09
18.68
32.62
21.94
2.79
106.97
103.94
46.14
15.44
31.25
68.39
73.90
33.62
42.92
62.39
82.32
35.39
100.71
34.83
27.47
31.25
49.42
32.26
73.91
77.15
11.12
36.05
16.02
36.80
18.01
108.58
76.09
100.27
11.08
84.97
32.91
57.34
25.17
89.78
26.51
41.22
58.74
29.25
53.90
15.22
5.93
62.83
81.98
84.43
11.36
80.68
22.20
23.19
17.74
5.58
45.73
82.34
44.35
59.46
32.00
27.31
78.98
73.06
62.41
66.08
11.28
33.24
17.29
5.52
27.20
9.62
33.01
52.73
56.44
21.89
30.12
69.57
80.52
83.99
51.97
59.89
103.04
28.86
78.44
96.66
33.47
20.64
82.87
27.46
6.18
69.43
39.00
44.43
16.94
50.68
82.07
14.52
40.69
68.55
78.33
28.24
80.73
52.22
71.76
66.32
41.05
41.68
34.21
5.56
74.78
55.66
56.53
86.59
20.86
7.45
48.75
30.41
10.41
79.00
40.85
88.49
65.11
80.85
72.38
51.94
77.32
22.25
54.75
75.46
80.40
34.31
46.35
8.21
76.01
75.56
88.26
26.19
55.39
23.13
92.95
87.26
79.16
5.82
47.29
14.09
21.65
71.32
82.60
21.08
65.21
44.15
41.80
63.89
17.64
65.60
43.82
93.32
88.14
78.09
12.48
40.59
36.29
53.92
45.70
90.16
16.55
3.05
24.14
24.22
60.92
9.38
85.12
39.79
86.22
83.03
100.21
61.48
22.64
52.60
36.90
45.10
30.34
77.27
94.60
32.26
23.17
20.32
39.56
54.54
72.91
68.43
86.07
34.03
40.51
90.04
64.46
4.20
57.45
69.26
81.20
76.82
15.79
18.99
70.55
54.39
70.50
47.63
29.33
60.33
37.20
24.26
39.78
88.96
69.68
37.80
55.96
20.32
28.76
81.05
45.70
1.84
30.41
87.24
4.85
20.84
18.57
80.73
72.94
29.37
18.31
35.66
51.07
68.48
21.73
75.22
81.53
8.32
94.18
91.18
86.59
30.34
47.20
49.05
83.88
12.36
59.42
55.89
90.09
87.74
55.05
88.94
83.65
59.56
13.73
40.14
72.44
56.73
23.75
67.89
30.31
88.16
9.90
14.92
16.19
41.91
6.73
56.37
73.49
87.99
55.60
67.75
43.56
54.19
70.31
36.20
70.13
22.44
20.98
86.47
41.73
52.71
34.54
37.73
10.11
44.25
70.21
72.25
90.05
100.61
19.07
81.02
71.97
15.16
16.41
16.20
17.68
54.36
67.27
58.68
64.59
78.31
45.29
90.94
7.00
79.35
91.76
82.20
57.48
19.72
31.09
30.64
25.00
8.96
22.34
65.24
16.64
63.20
91.78
66.91
45.62
24.64
71.51
18.46
28.83
37.93
46.46
72.22
7.01
41.51
28.80
26.70
9.03
55.56
3.95
28.90
75.42
85.65
70.88
88.24
4.63
55.56
55.09
34.56
77.68
37.37
41.08
72.49
14.99
25.43
45.35
91.42
62.76
81.35
10.91
63.09
99.69
83.01
42.78
51.46
77.75
28.63
44.22
25.85
57.08
84.37
92.66
74.67
71.07
18.19
31.46
38.73
2.38
70.25
24.04
88.68
19.11
9.94
3.73
4.25
53.23
62.53
53.68
25.88
61.75
28.91
15.41
48.29
60.93
44.50
31.61
40.34
73.74
82.50
12.75
37.39
36.45
89.26
118.95
77.96
29.76
87.96
43.14
116.13
47.58
58.42
88.51
65.21
51.32
38.41
67.38
114.62
67.20
80.07
99.17
66.47
22.70
61.95
91.42
26.82
102.57
55.40
70.67
46.59
29.80
108.01
18.41
71.79
84.52
26.79
104.11
56.74
72.37
25.64
27.10
39.18
49.46
99.70
31.68
20.67
62.16
7.31
6.99
93.07
71.16
61.68
83.59
6.12
79.43
9.94
32.38
8.08
2.09
49.16
24.79
55.14
20.79
64.78
71.34
57.17
45.60
53.58
10.12
61.09
3.98
24.22
20.04
14.39
8.73
30.07
58.28
10.70
26.48
71.49
40.79
48.03
47.40
41.69
15.91
82.46
27.08
40.95
46.97
90.82
55.39
77.34
58.47
53.03
52.29
19.24
20.47
34.81
6.22
54.42
84.16
4.28
83.18
4.99
36.77
29.40
96.14
6.69
6.87
79.95
32.85
54.75
49.83
84.47
57.00
42.19
58.08
53.80
53.23
84.64
64.44
83.05
8.57
27.73
41.28
8.32
16.71
28.95
53.24
78.86
9.22
65.03
90.00
81.31
67.21
11.87
66.80
42.06
29.07
33.19
72.20
51.95
16.72
21.60
12.51
32.81
58.52
41.29
16.07
55.65
31.06
34.33
17.42
70.92
41.32
21.65
21.98
57.40
16.61
2.86
69.74
2.26
46.03
20.73
23.34
53.00
60.02
40.88
4.21
37.31
22.34
71.19
6.05
57.67
15.43
71.39
21.89
78.03
57.13
39.44
33.40
12.73
4.32
82.73
6.91
75.21
10.71
8.03
34.66
50.77
16.87
40.94
19.50
69.86
29.60
43.52
9.01
22.94
15.76
51.02
60.03
28.08
57.50
18.40
76.10
27.21
17.97
11.60
35.62
77.65
13.16
26.48
14.36
57.42
6.64
71.56
62.80
87.00
10.89
16.43
51.42
47.15
41.55
17.21
6.43
2.92
42.87
3.05
43.44
13.81
38.09
42.18
96.85
45.79
52.04
12.45
57.84
94.65
34.70
11.86
89.03
22.83
75.98
70.83
49.77
35.96
37.79
32.54
84.00
40.42
75.24
78.51
52.88
41.54
24.71
59.98
31.79
88.36
76.48
1.84
53.53
72.76
53.77
22.82
91.51
3.99
22.00
57.44
9.26
28.50
25.40
22.00
25.14
23.92
65.68
65.38
17.57
22.03
47.29
21.35
27.79
4.11
45.20
43.98
82.34
101.85
72.05
35.32
13.08
55.19
69.71
19.87
17.01
52.91
51.57
44.45
53.42
17.81
65.72
77.63
81.02
27.85
89.19
32.25
9.52
5.93
27.79
64.77
99.35
44.52
59.26
65.67
70.86
61.65
65.25
47.56
18.35
49.62
58.92
76.40
63.02
53.35
59.41
80.62
80.47
52.77
65.19
98.84
73.39
96.20
43.01
89.63
44.84
64.90
43.32
83.99
53.19
66.76
67.73
74.14
78.92
31.18
90.14
69.29
22.21
4.70
4.93
29.03
23.92
96.37
80.15
5.35
17.73
34.06
62.15
41.91
58.77
65.04
60.82
66.81
22.43
75.62
90.30
69.04
1.18
86.36
43.33
33.60
55.48
52.93
73.24
35.92
74.22
11.84
27.85
41.53
73.93
23.07
79.93
32.71
74.19
11.74
100.92
47.32
77.10
57.05
30.99
10.50
33.99
11.73
43.61
72.68
79.35
81.76
54.22
42.11
58.26
50.85
39.25
58.24
106.76
64.04
49.58
7.64
39.64
18.76
47.20
12.05
30.41
29.76
74.55
87.06
64.49
57.83
10.64
44.84
29.37
66.52
4.81
77.73
53.89
75.78
68.17
51.68
35.18
33.70
11.65
18.42
57.77
50.02
23.46
25.67
61.84
74.44
42.05
13.79
94.58
67.91
31.37
10.61
18.76
2.10
14.19
32.88
71.89
33.98
78.77
18.47
22.92
24.44
39.54
46.54
3.04
80.37
19.02
55.78
53.10
61.62
69.13
62.08
18.43
40.35
32.74
4.68
89.94
52.07
49.74
10.07
28.32
27.81
59.65
83.50
81.71
35.38
10.67
90.04
41.82
17.38
81.36
63.20
18.00
28.74
52.37
77.90
20.34
20.04
64.34
45.18
19.82
82.73
1.63
70.54
67.07
31.23
76.74
22.46
34.86
52.35
44.74
54.56
17.32
62.96
58.12
65.51
1.81
11.28
21.05
8.90
46.75
53.81
11.39
39.71
20.49
16.29
78.68
12.72
74.89
73.39
69.10
41.80
96.89
23.14
27.48
57.39
23.87
37.07
72.65
37.80
69.18
65.30
93.13
32.60
30.21
13.69
25.68
88.83
6.28
25.11
24.49
6.35
6.21
37.95
95.17
82.49
63.57
29.46
40.27
45.42
72.03
10.32
24.20
37.18
23.09
28.11
75.06
51.77
76.70
77.96
74.93
39.09
41.77
78.58
81.90
45.67
1.76
75.61
21.68
80.44
66.12
70.59
77.33
78.36
22.35
51.34
12.17
62.75
9.80
52.75
58.45
34.27
49.01
43.58
89.90
77.32
81.92
66.55
37.08
84.72
58.48
62.31
42.26
28.63
64.78
35.09
66.60
91.32
29.66
15.90
93.47
41.07
26.51
39.26
6.41
50.97
40.34
50.30
47.58
13.76
23.53
7.94
77.13
28.04
8.02
51.72
5.41
70.56
69.37
16.43
5.59
74.93
9.27
3.41
50.83
18.52
71.38
52.13
19.01
61.07
42.78
36.62
31.00
46.72
102.14
62.94
86.84
10.99
51.99
38.97
82.15
31.52
65.17
82.82
72.34
68.93
61.68
77.02
52.58
33.21
118.46
47.83
112.51
100.62
62.93
65.91
33.60
77.96
79.94
77.69
60.42
44.41
20.57
56.06
57.26
3.47
22.83
66.51
76.08
83.85
68.54
78.57
44.19
47.21
47.74
15.88
3.11
75.54
42.59
54.85
80.56
58.35
51.57
44.69
74.03
73.29
80.81
56.84
63.68
47.55
89.01
37.26
55.64
4.76
25.78
22.56
87.85
52.92
40.23
36.34
34.35
81.23
45.05
84.44
28.81
42.04
65.68
22.93
30.73
78.37
50.41
35.01
18.14
70.71
25.80
73.67
59.43
70.51
75.88
29.25
80.93
26.27
68.24
40.46
84.68
82.07
89.94
62.50
34.48
44.40
81.61
15.32
44.27
37.44
105.45
90.20
92.08
92.45
87.11
28.26
95.67
31.34
18.11
89.85
112.24
28.78
113.72
113.58
115.90
50.86
101.84
103.94
74.08
84.68
97.91
92.31
37.15
81.93
65.18
1.55
45.81
36.52
51.59
65.55
92.79
60.49
70.90
34.26
78.08
3.87
76.37
29.28
4.42
75.05
92.21
23.26
67.25
41.68
37.00
59.75
64.69
32.94
62.11
41.16
99.87
50.74
119.34
74.98
39.99
85.21
49.34
94.89
2.24
35.67
36.90
47.52
77.66
72.63
30.73
75.47
69.84
79.10
73.27
33.02
66.21
102.68
92.13
59.39
38.87
42.34
72.54
25.98
52.17
102.98
53.19
20.75
64.00
68.20
12.52
50.46
6.59
2.42
23.53
7.16
106.15
77.27
141.29
100.22
98.64
61.09
138.33
88.65
124.06
92.72
92.24
54.99
53.17
106.20
34.01
39.69
51.53
30.86
75.13
123.63
66.62
48.12
95.39
7.37
5.84
26.26
51.13
21.64
29.98
93.46
107.41
42.32
96.25
19.97
66.84
33.26
63.36
91.84
27.45
85.81
65.72
93.25
42.11
9.82
102.11
54.05
79.27
59.48
3.95
102.18
36.11
51.08
92.52
38.41
79.84
94.64
31.36
1.47
36.53
91.55
32.86
33.95
33.92
63.84
74.19
19.41
41.95
8.89
54.86
55.78
31.98
111.61
91.72
97.05
8.88
20.03
26.53
47.94
88.93
39.14
97.92
73.39
9.01
15.87
25.41
11.37
74.85
23.52
88.66
78.74
2.03
40.80
11.15
77.69
55.86
53.66
54.67
41.15
25.64
24.02
16.73
40.92
57.34
29.83
38.34
32.06
84.33
23.51
51.61
53.52
81.17
26.63
78.58
56.72
36.62
18.92
27.79
85.11
42.90
29.20
32.04
66.56
26.37
72.77
32.07
76.12
38.49
24.33
29.21
13.03
101.05
93.27
54.18
32.89
38.47
70.07
37.59
24.76
63.53
65.06
88.47
74.71
90.72
52.33
46.06
30.96
95.94
25.05
81.61
77.21
44.74
72.80
80.19
12.38
60.59
20.38
22.31
44.05
82.47
71.11
