18.14
24.22
55.32
55.14
19.42
11.66
31.40
11.92
86.53
69.99
50.14
21.17
85.76
85.94
83.18
20.73
31.09
10.42
37.88
15.90
86.48
31.86
82.71
25.98
15.45
28.94
16.91
5.59
38.82
11.14
43.48
91.64
1.19
81.45
7.01
4.29
28.58
78.08
80.05
18.08
50.51
80.02
70.81
13.77
8.42
85.12
83.86
14.10
70.86
12.34
54.49
85.57
71.15
60.41
75.90
13.91
83.77
42.90
67.86
55.35
75.24
25.00
1.00
36.08
60.66
47.59
21.41
11.57
1.46
43.15
56.89
47.91
37.39
113.04
18.80
32.11
99.38
27.06
87.00
14.82
10.33
58.37
92.00
45.85
88.56
45.25
51.50
2.52
38.05
39.03
8.20
83.51
55.97
43.04
67.92
19.74
43.31
22.60
46.87
27.97
16.02
55.21
1.34
64.11
63.57
29.28
36.97
22.54
41.35
8.24
11.49
1.61
39.19
33.61
68.80
31.30
68.67
4.22
15.53
33.57
50.82
59.12
24.17
67.81
32.59
56.96
2.79
73.69
26.08
62.22
24.95
3.11
48.09
9.60
70.87
35.92
25.71
41.99
19.87
29.10
12.25
3.36
88.89
61.61
26.30
24.58
17.88
62.04
41.51
31.03
49.57
35.17
76.86
12.39
10.80
67.42
52.07
47.93
41.97
96.70
42.85
88.11
42.39
74.61
79.69
13.69
29.30
34.23
42.91
35.12
8.77
60.14
42.96
55.69
76.51
60.71
94.96
32.89
26.22
74.39
44.76
45.38
8.05
36.42
64.99
16.80
27.55
12.70
63.92
35.14
95.03
30.27
56.30
22.28
84.33
46.51
79.13
71.87
73.64
64.26
81.07
13.76
38.72
38.59
43.34
40.60
48.72
2.11
83.80
14.84
53.69
100.33
53.28
22.30
12.57
83.05
28.54
61.36
39.69
47.95
99.08
93.10
50.30
82.28
19.52
30.98
23.61
40.78
48.93
53.89
37.41
50.52
19.56
51.79
7.04
39.24
29.54
2.05
29.98
32.17
56.55
47.59
17.00
83.04
13.90
16.03
79.14
77.12
69.22
82.16
30.13
51.75
70.55
70.70
72.46
44.88
74.13
12.38
58.66
21.33
18.45
47.00
86.42
43.82
58.99
54.72
35.58
67.05
29.94
3.91
12.78
11.78
24.92
36.49
11.92
15.94
90.32
22.40
35.25
34.91
34.55
77.94
79.24
34.38
87.30
66.18
49.31
23.06
29.93
50.36
70.15
11.28
33.23
60.94
6.14
44.34
73.59
69.56
25.66
57.58
38.81
28.65
45.82
15.98
83.97
18.22
48.56
51.22
33.37
36.85
20.87
68.31
57.25
13.17
20.16
6.36
32.01
41.16
3.97
4.28
69.76
71.79
77.29
28.65
2.20
68.12
64.90
26.08
46.23
5.90
9.96
77.89
10.80
41.42
34.96
20.33
81.84
78.68
8.69
53.92
51.05
37.73
113.21
60.35
64.19
89.28
121.23
125.90
37.38
123.54
28.32
32.26
88.56
33.93
34.21
6.45
60.06
85.51
63.57
71.14
43.09
69.02
58.61
31.42
115.86
54.65
93.84
87.43
62.19
101.31
56.35
60.22
81.87
63.66
8.43
37.05
60.49
72.07
15.43
70.32
42.75
3.09
95.80
26.27
39.85
27.48
82.38
54.15
18.26
58.46
4.19
47.97
69.27
4.79
89.10
59.16
28.44
69.07
59.18
72.32
24.82
1.83
40.04
2.54
59.86
8.46
27.83
32.40
86.00
65.75
117.38
106.13
95.67
42.36
97.84
87.08
97.55
50.25
50.38
105.49
3.98
22.83
6.19
48.91
79.98
15.58
49.96
33.53
53.56
68.31
73.97
22.61
9.48
48.27
74.13
80.24
48.46
38.59
6.27
32.86
79.04
49.12
35.78
27.36
20.87
71.80
53.87
79.96
73.81
68.28
65.00
8.41
73.33
64.19
8.14
26.41
72.85
70.13
71.02
83.46
99.07
36.95
75.42
33.74
56.48
50.51
95.52
54.02
84.13
78.40
43.23
24.62
4.47
7.22
24.93
85.08
27.83
36.23
14.26
69.06
78.24
33.76
11.82
15.27
13.95
55.65
80.53
23.02
55.70
20.39
123.12
46.45
115.74
48.37
44.88
114.55
71.42
69.72
40.00
46.17
67.23
8.88
24.95
7.18
49.04
62.11
26.31
22.92
53.96
9.22
27.01
19.36
76.12
21.23
57.03
40.78
76.31
36.96
19.12
74.55
47.10
92.66
26.86
23.18
24.24
23.86
67.67
21.17
53.15
12.74
51.25
75.89
22.74
61.86
10.64
71.01
32.36
45.88
3.35
9.08
48.46
65.03
75.38
49.97
44.07
66.79
20.07
25.07
5.88
72.98
40.21
79.67
5.00
1.77
14.87
36.41
43.85
53.40
6.50
79.93
55.16
40.17
46.87
24.57
64.17
2.53
26.02
48.77
16.67
63.31
45.93
52.41
40.66
44.89
72.93
33.67
92.82
54.18
66.22
7.22
42.44
60.70
23.79
77.68
26.39
31.83
48.43
7.22
13.32
88.43
116.47
78.81
110.28
88.25
81.97
48.53
7.53
47.67
53.54
76.64
18.38
87.26
90.90
22.79
58.20
97.63
74.32
55.24
105.44
91.54
61.34
43.47
12.96
77.27
46.30
30.11
24.30
96.94
84.69
90.95
82.96
59.54
100.34
29.65
87.53
91.87
85.05
29.78
18.63
59.94
6.05
42.36
93.51
73.29
34.93
34.47
46.40
26.70
75.98
23.73
99.36
81.50
68.89
77.43
108.84
53.58
133.19
126.08
53.89
69.58
28.65
104.71
25.54
59.03
60.77
69.75
43.27
45.21
87.15
42.54
58.68
43.50
22.61
32.48
4.41
23.83
10.17
40.51
69.24
15.43
67.96
25.00
12.14
42.47
92.34
85.01
34.76
86.14
38.58
19.87
59.78
32.27
29.33
70.77
60.78
39.56
59.54
25.41
38.43
89.36
22.46
71.35
73.14
21.88
52.35
72.35
55.33
60.71
81.26
38.75
39.47
85.70
98.33
67.45
48.75
57.38
84.75
89.60
66.81
5.69
49.80
53.59
18.66
43.87
15.83
83.64
44.09
84.62
56.81
70.13
44.14
112.77
130.42
75.74
119.34
69.69
92.93
127.35
89.67
119.01
46.37
69.25
91.63
33.40
77.55
59.55
60.71
82.94
84.05
60.66
34.83
107.27
92.61
94.00
42.09
75.33
35.22
44.51
97.33
106.15
25.05
49.25
38.21
84.29
62.91
51.95
30.29
89.79
40.49
88.99
64.95
56.58
82.10
59.18
91.85
34.97
36.59
71.10
82.57
21.83
16.56
34.15
54.55
31.63
8.87
76.91
73.38
53.39
26.72
32.36
147.26
101.56
109.45
64.19
97.25
126.15
111.43
103.25
129.31
102.95
83.00
31.69
35.30
4.67
66.11
76.52
43.33
47.17
39.86
7.12
67.88
13.46
35.65
86.06
78.21
42.32
43.69
31.89
14.80
86.05
8.89
81.44
41.61
78.16
28.83
71.64
21.63
14.91
17.73
10.37
2.33
6.14
79.81
65.89
72.55
55.77
75.81
30.18
42.97
2.62
64.28
44.35
61.91
58.29
56.25
20.44
70.83
15.55
47.39
13.06
23.12
18.99
53.40
48.23
56.95
74.23
4.71
7.76
60.14
75.95
67.91
6.31
84.58
47.99
5.36
40.24
66.83
53.04
20.71
45.03
24.08
29.31
44.92
22.56
84.06
54.40
72.46
13.06
77.58
8.53
64.19
57.70
64.30
64.91
119.94
99.47
85.36
77.23
39.89
69.19
68.98
45.52
8.42
70.07
57.74
60.80
14.09
17.38
58.64
52.24
61.58
2.44
4.31
4.92
62.85
15.85
62.91
14.83
49.34
49.21
27.98
58.93
79.08
2.63
62.03
70.33
7.73
72.73
66.36
22.25
70.10
12.56
62.67
27.98
86.74
68.73
62.81
26.52
41.24
57.77
9.80
77.31
25.30
85.43
11.18
25.94
38.27
5.70
66.06
33.88
45.48
81.44
24.19
3.68
43.36
83.75
27.38
12.19
84.48
51.33
86.62
57.40
47.45
85.29
48.77
75.78
45.29
9.22
27.17
2.87
40.68
61.30
35.38
15.08
54.13
7.49
24.60
63.24
64.16
49.11
39.71
53.17
29.00
50.19
10.62
39.00
49.23
58.23
71.09
11.52
43.66
90.32
3.12
79.58
74.52
52.08
54.93
78.08
64.19
61.60
59.50
48.70
81.91
75.65
86.96
38.43
90.01
22.06
97.63
99.05
93.24
81.49
86.59
44.58
84.29
37.22
23.60
38.26
9.55
26.05
39.55
55.05
96.30
23.87
77.42
14.59
1.81
81.87
6.50
38.43
12.88
75.26
25.38
33.57
72.69
47.88
67.63
24.39
9.45
15.65
70.92
34.78
42.01
49.75
83.55
20.10
59.30
26.89
64.24
30.31
41.67
69.51
6.31
66.40
25.84
65.03
3.40
20.07
17.34
69.74
82.71
13.45
53.73
4.81
50.81
85.76
20.62
69.33
65.44
66.06
15.04
47.64
40.19
44.69
54.40
77.72
28.91
39.67
35.48
29.81
43.19
26.76
3.39
51.04
4.36
54.18
78.54
74.97
30.54
77.90
52.14
90.90
11.44
68.63
3.56
57.40
77.07
72.80
15.72
62.04
39.12
90.13
9.16
8.74
67.23
53.04
40.03
46.18
87.65
71.51
38.91
37.68
89.04
72.41
5.56
84.89
41.66
64.46
71.98
33.89
90.92
93.27
23.58
11.21
49.49
57.65
67.38
30.72
43.76
15.38
69.95
95.70
32.47
78.61
25.84
62.14
56.83
25.02
59.76
87.00
74.68
59.75
39.41
64.90
22.31
28.26
34.49
79.19
83.84
57.71
40.54
18.17
61.00
45.95
13.91
10.53
89.58
8.87
26.24
85.70
16.82
28.46
12.08
66.77
47.49
43.10
45.59
65.07
56.03
89.14
21.98
91.87
48.73
74.31
52.11
46.28
89.96
3.74
65.73
36.83
40.40
113.18
68.76
69.81
54.49
101.72
31.02
80.12
60.26
71.09
124.04
122.64
85.79
101.04
62.22
65.54
44.01
49.56
62.13
57.18
89.16
34.27
31.38
35.52
15.69
6.83
47.05
27.70
22.67
82.74
22.95
50.06
52.45
33.62
13.46
85.44
97.83
71.71
11.82
63.85
53.11
55.69
47.17
5.69
28.43
31.31
74.37
38.93
76.10
1.33
105.30
94.56
70.37
91.70
80.21
39.40
64.65
75.30
79.60
68.20
11.93
38.65
89.20
78.77
1.73
35.91
2.18
50.47
42.82
55.49
59.46
83.94
43.94
109.86
65.11
121.81
103.84
123.74
31.13
119.42
53.90
81.30
77.79
40.71
59.31
4.14
1.08
87.09
15.27
64.42
97.56
68.75
107.17
69.68
110.44
54.84
21.77
104.14
64.02
52.22
52.82
16.58
43.76
35.73
77.81
72.21
75.81
27.13
59.66
32.25
77.52
22.29
24.95
69.21
12.19
19.69
70.20
49.04
55.24
40.25
54.24
51.86
6.13
93.24
14.61
62.90
3.54
30.92
48.31
31.39
33.96
90.61
102.05
85.32
117.46
45.94
20.87
92.15
27.27
95.86
51.68
52.78
61.30
33.97
54.20
2.50
81.94
76.83
35.28
12.71
38.65
56.01
34.48
1.27
31.13
9.98
69.51
66.68
36.54
17.75
77.99
44.20
91.66
19.72
19.68
59.17
20.91
70.94
15.27
20.31
17.71
68.85
31.14
76.77
54.97
46.28
2.10
23.41
48.06
81.62
12.44
3.82
18.84
19.89
13.81
23.50
68.13
69.89
41.91
61.33
40.00
11.93
72.96
44.08
50.43
17.56
18.97
1.42
42.36
77.02
20.36
18.53
79.01
52.86
44.96
40.33
82.82
85.10
28.02
56.61
67.85
37.22
35.97
20.35
59.11
2.28
59.26
46.71
64.59
101.91
39.83
31.61
5.45
89.82
47.69
32.28
75.91
2.33
88.44
41.97
74.94
62.48
3.13
26.55
27.55
40.53
5.93
23.54
73.35
46.19
16.33
69.51
101.58
35.82
45.87
79.60
69.11
102.63
29.91
36.57
47.26
84.60
87.19
56.59
34.55
20.60
24.95
84.85
47.78
34.94
68.14
13.04
14.14
82.91
20.83
20.25
90.56
59.10
92.00
71.10
42.04
43.85
51.57
61.51
13.26
13.95
9.70
6.86
6.57
86.31
10.99
60.27
37.08
39.14
49.06
32.66
7.43
15.91
63.83
38.32
18.87
18.22
29.25
82.98
70.25
72.04
25.84
56.36
75.66
35.70
22.79
65.29
53.40
34.84
73.90
60.37
87.44
36.98
89.77
11.05
65.18
3.82
69.03
49.04
30.06
42.94
20.70
71.90
22.16
88.72
21.77
29.82
86.41
47.44
35.23
31.69
84.43
41.03
83.90
64.91
69.23
18.19
84.05
21.67
34.02
67.92
75.18
92.17
61.36
78.36
9.82
97.27
101.58
67.33
71.88
32.87
2.95
23.15
54.24
60.40
81.89
22.95
71.73
5.73
20.53
24.90
50.52
25.24
32.96
46.54
49.44
42.36
60.43
27.57
68.62
58.03
13.91
56.19
77.71
42.50
80.83
72.99
59.65
16.25
27.18
11.33
43.09
32.12
30.32
7.68
54.83
29.73
22.06
84.17
72.49
69.15
53.38
14.60
29.61
53.00
82.35
80.37
65.55
65.90
26.70
77.22
58.90
15.81
15.98
45.64
114.87
51.65
28.97
74.16
6.29
59.06
29.44
36.12
16.31
60.29
64.77
10.76
56.92
80.02
24.82
9.42
21.66
38.90
43.89
81.83
95.31
36.06
79.30
68.78
57.46
42.40
14.60
107.97
19.79
35.01
98.81
10.83
24.13
16.41
92.63
62.06
58.20
56.72
95.31
80.59
55.19
1.83
72.27
55.48
9.57
64.79
1.37
9.20
54.16
5.79
53.59
6.51
61.15
3.47
11.26
54.78
64.66
32.77
15.89
13.96
35.05
51.15
77.13
47.60
49.40
57.02
43.83
50.05
65.10
79.56
63.64
36.50
51.97
45.23
82.21
49.91
36.55
24.69
40.04
17.53
36.61
110.51
97.08
43.64
78.07
81.55
33.49
57.22
39.43
57.43
8.43
34.82
78.49
3.91
77.01
86.37
73.96
55.86
56.91
20.79
59.08
50.09
1.17
41.91
66.10
60.55
41.52
76.43
20.31
20.27
29.90
76.92
85.57
69.63
37.94
35.44
6.69
72.82
31.66
69.27
37.98
71.61
101.91
43.02
56.31
31.43
4.38
13.96
77.42
34.24
44.61
46.13
91.91
31.17
80.10
27.83
75.94
3.43
51.73
18.04
40.62
22.34
73.18
79.50
52.73
74.71
45.41
38.60
19.96
32.95
32.50
68.88
62.08
74.91
68.60
1.63
7.84
82.22
30.92
9.82
67.44
58.75
59.71
64.58
39.91
41.45
74.01
33.95
83.09
96.05
60.53
39.24
17.12
61.29
4.65
30.02
5.00
58.13
4.41
32.96
72.13
20.53
39.11
29.07
75.52
31.16
31.42
68.23
7.56
70.26
65.51
64.43
38.66
72.44
68.46
90.95
10.22
57.91
50.84
42.45
16.40
72.40
12.90
9.19
11.15
69.01
17.96
24.78
47.57
17.32
71.85
5.83
55.04
1.37
78.99
25.24
37.16
63.19
83.42
61.20
10.98
71.59
57.87
39.41
16.05
49.42
83.01
66.93
42.50
60.18
16.05
98.97
97.24
24.28
35.74
54.20
8.50
86.92
72.61
45.57
27.26
70.15
61.11
62.60
18.20
26.22
27.82
76.13
6.47
91.98
58.16
44.64
64.41
67.96
69.91
34.93
59.26
51.58
52.43
2.13
78.81
35.52
50.39
39.26
91.52
32.45
38.63
55.82
37.66
4.80
61.20
88.93
27.35
58.18
55.46
91.13
35.83
32.15
24.85
40.12
11.75
6.43
83.26
73.45
12.03
41.00
67.47
6.13
37.01
35.07
48.18
61.61
40.31
43.72
80.24
50.94
17.96
10.25
38.58
6.50
87.44
103.87
41.55
39.39
112.00
111.77
23.16
79.06
46.52
48.90
27.05
52.08
94.40
88.71
57.64
24.86
70.08
41.79
2.87
81.17
69.43
21.08
18.44
29.91
60.06
13.60
21.53
41.54
38.39
55.02
80.26
11.40
3.42
28.21
36.33
37.55
67.45
19.58
82.73
55.60
37.76
46.85
90.14
4.72
80.47
48.20
78.32
13.17
37.98
90.63
65.83
49.44
76.47
92.32
58.30
43.33
119.04
29.16
60.32
53.18
82.41
12.56
51.20
57.12
61.25
74.86
68.60
66.02
17.30
14.24
96.56
37.68
95.48
98.27
92.41
31.25
29.65
69.43
65.29
7.51
53.06
17.29
37.14
48.95
35.09
85.04
81.63
23.46
78.68
54.56
68.82
40.07
64.51
45.59
58.27
82.52
57.66
27.97
43.83
85.99
154.08
138.71
83.53
79.29
90.10
89.91
75.35
74.98
70.73
149.13
112.00
94.76
69.31
134.85
61.04
75.79
94.30
96.92
100.01
55.66
92.84
43.08
55.51
109.61
50.10
114.91
72.68
78.51
52.58
99.25
51.94
45.52
51.55
67.56
41.32
8.40
21.45
55.12
61.23
47.72
81.61
21.20
93.78
52.93
39.63
79.50
66.67
46.77
2.95
45.12
57.01
58.98
12.91
47.30
78.83
32.76
73.84
88.75
28.94
98.83
62.33
52.02
86.35
90.08
32.59
65.65
4.60
59.40
96.78
9.72
68.31
9.00
25.14
60.62
44.45
33.56
40.12
70.62
45.38
69.01
59.14
20.23
24.88
102.46
60.30
63.74
19.39
102.94
68.53
64.49
91.76
22.91
86.52
22.22
81.87
8.12
83.52
88.16
55.58
42.43
56.78
19.11
73.52
71.97
84.60
24.85
94.47
60.83
27.90
85.74
18.00
66.13
58.76
70.41
44.68
2.32
47.71
1.53
37.34
84.86
41.95
47.39
67.68
53.36
77.55
52.40
22.71
56.85
56.51
65.58
45.52
106.45
74.80
82.17
83.24
67.85
81.55
17.33
82.75
116.81
