63.81
22.74
20.44
24.59
19.09
16.06
25.71
8.28
44.27
53.61
30.83
80.31
53.51
53.66
27.44
94.83
84.82
22.54
53.36
74.53
52.69
19.52
16.13
35.32
76.75
83.18
53.93
80.08
51.32
13.69
61.50
39.73
92.37
26.03
36.86
1.87
24.87
14.05
77.26
50.20
76.88
30.34
77.05
9.09
75.48
44.86
35.38
4.73
47.64
77.95
68.64
2.53
1.13
55.57
2.70
45.22
5.52
37.02
20.09
37.90
79.96
17.60
18.99
71.71
73.17
13.51
64.97
70.40
33.89
54.57
54.88
39.44
68.16
82.80
51.60
8.66
26.24
66.25
43.19
46.40
20.08
18.20
44.31
58.32
23.04
50.82
62.71
79.34
12.52
11.83
51.63
26.79
58.77
38.59
17.64
48.10
46.60
62.71
26.84
61.50
16.80
12.09
99.73
48.71
50.58
4.88
12.62
80.88
9.88
28.84
34.16
42.73
27.49
32.89
1.88
25.55
48.63
37.92
29.14
28.66
95.79
63.31
83.67
24.13
16.75
17.31
30.70
37.78
48.91
1.20
15.21
83.53
54.84
12.85
28.45
83.74
75.18
36.43
16.52
48.32
78.78
10.30
6.98
35.28
45.21
40.21
27.87
66.45
47.50
69.90
75.73
74.70
14.60
24.27
36.55
1.03
31.48
82.24
31.07
22.94
66.99
74.45
63.58
53.45
46.50
88.35
90.63
24.85
26.62
76.99
11.98
17.40
62.71
6.78
58.80
68.09
72.58
2.30
27.70
44.79
35.74
71.34
29.11
90.10
2.28
6.51
34.29
17.74
58.45
75.38
112.99
44.32
26.62
34.28
67.50
8.84
90.03
46.31
76.15
37.79
84.03
16.63
36.03
14.35
17.48
30.43
4.60
29.91
39.82
55.00
44.58
64.79
69.26
37.57
41.27
61.65
15.09
1.29
8.07
5.59
59.10
14.09
46.89
43.04
24.35
30.17
16.65
72.03
20.10
5.27
24.66
86.00
39.03
74.51
79.14
44.30
52.55
50.40
52.62
23.45
50.88
47.84
69.17
48.23
24.19
69.98
72.98
36.05
19.33
11.94
16.21
87.64
30.37
2.90
69.18
78.19
21.40
65.93
18.88
66.50
70.76
33.94
94.10
68.07
12.89
49.26
13.66
66.11
70.28
22.84
26.56
48.81
8.87
41.52
47.65
76.27
40.73
35.66
68.95
75.56
66.13
7.07
2.20
69.55
47.15
46.93
19.51
50.61
11.40
24.01
77.50
40.33
28.13
41.78
5.77
75.10
63.44
42.75
51.03
69.69
65.78
51.02
25.60
53.15
67.29
2.51
2.71
48.40
10.99
25.50
45.39
66.37
86.89
83.13
89.04
49.92
74.21
10.24
19.35
28.83
11.47
76.53
59.38
48.92
52.46
55.72
20.11
8.43
44.28
28.75
78.23
22.80
56.33
25.26
22.39
39.01
18.59
75.34
36.82
28.24
41.67
18.15
5.52
1.36
1.10
72.88
40.37
68.65
18.77
70.04
66.70
41.30
90.07
41.01
4.07
44.02
7.34
73.55
56.13
47.48
96.37
43.24
79.16
23.86
27.14
111.48
65.24
40.93
68.75
43.97
30.47
46.35
31.47
85.03
49.67
22.36
3.26
48.67
86.76
75.89
86.36
42.71
26.21
49.00
52.17
16.36
20.96
49.92
37.18
71.85
29.08
61.59
34.01
19.87
82.21
49.50
73.85
5.36
55.07
19.06
89.00
81.80
21.07
86.04
42.67
59.43
81.73
68.87
59.39
62.13
70.09
80.58
42.82
101.08
30.70
61.01
50.11
27.20
26.37
40.11
27.28
70.56
49.46
17.69
33.32
3.89
83.60
58.18
32.92
20.12
100.51
97.85
90.08
20.40
93.68
69.78
92.87
69.08
91.78
66.81
54.05
93.49
90.44
79.99
89.93
96.10
21.90
77.45
90.02
37.92
66.28
36.45
95.46
14.90
93.60
66.65
76.64
78.84
93.21
95.83
30.44
26.79
60.92
70.36
81.59
56.89
61.76
5.79
5.37
20.17
80.05
86.07
44.94
66.35
75.66
59.55
45.43
2.82
10.80
8.60
73.81
65.03
104.81
75.13
58.15
47.47
60.47
18.06
42.01
46.82
55.98
11.40
79.04
16.67
64.63
46.56
7.18
33.16
40.05
7.08
58.92
55.73
27.64
117.04
74.46
73.99
49.02
85.47
92.11
56.85
35.76
32.86
71.37
56.15
63.27
73.32
61.81
22.47
85.91
33.23
26.43
14.70
1.19
34.04
12.59
10.24
10.80
87.50
50.70
89.05
68.67
87.66
43.02
60.64
56.10
10.38
69.37
73.90
57.99
56.38
8.32
52.59
36.70
80.49
66.59
4.56
43.40
75.88
86.23
61.34
86.58
100.63
61.81
94.58
90.78
8.89
8.00
106.16
7.98
29.24
12.17
16.67
25.24
32.47
85.44
12.98
61.71
88.40
101.10
62.64
45.17
88.69
70.72
105.38
86.16
79.46
44.50
69.58
97.57
91.63
53.48
91.69
36.19
30.95
78.11
2.75
44.59
19.55
48.33
46.56
92.81
21.75
64.14
67.31
58.93
88.99
40.95
29.35
63.85
28.81
53.83
95.16
91.78
56.30
98.91
109.71
131.95
100.90
50.76
79.16
80.07
90.06
37.65
74.96
76.41
77.80
48.84
83.98
74.44
76.53
68.45
68.53
8.12
75.92
75.93
28.98
24.33
7.46
60.55
40.34
32.80
19.72
48.98
26.00
9.21
1.96
52.76
37.72
56.83
80.48
35.64
46.73
23.65
69.11
44.83
52.19
79.57
51.41
45.61
35.57
97.86
96.10
100.75
56.48
103.45
89.78
90.37
20.57
112.94
21.61
91.23
83.85
93.21
98.70
56.48
58.86
24.46
12.15
15.32
75.31
38.34
36.67
26.91
77.32
70.16
12.45
42.16
71.41
65.61
47.23
80.74
67.51
38.69
83.13
82.13
90.99
41.36
55.22
7.76
15.64
43.90
105.72
74.30
45.09
25.77
79.67
14.73
11.17
50.30
18.51
101.89
24.96
38.24
77.03
2.20
30.77
53.46
29.60
29.86
70.00
39.55
59.54
64.02
35.33
87.90
38.96
26.26
55.54
33.16
45.97
38.00
58.96
38.37
24.85
17.77
35.27
17.07
57.04
83.20
4.64
33.79
68.52
28.22
83.13
7.20
38.80
30.15
79.71
9.70
61.63
7.56
59.98
23.39
61.91
38.07
96.07
29.95
42.47
23.06
79.82
16.25
72.43
9.38
13.91
43.77
85.29
15.23
48.52
60.27
20.49
28.46
46.30
6.16
9.16
23.18
58.49
43.00
27.65
34.21
66.68
6.69
8.23
92.05
50.33
46.60
30.40
15.82
51.05
9.77
86.99
74.80
42.34
54.03
55.24
85.91
72.56
66.72
67.78
43.92
32.28
66.57
15.78
28.38
65.75
89.18
9.23
41.70
39.81
15.91
81.86
11.26
19.14
26.55
67.80
91.46
6.99
40.67
18.11
26.53
79.38
69.27
78.87
85.60
72.75
43.88
21.75
83.52
72.06
24.18
45.04
62.45
75.39
55.14
66.34
58.76
66.86
4.17
30.45
77.95
67.74
74.87
81.41
15.95
74.27
5.81
80.81
2.02
62.51
43.13
68.67
89.32
70.54
78.72
69.23
33.70
45.36
26.76
30.69
12.01
78.76
55.44
63.75
35.53
37.65
81.17
53.87
1.68
25.77
47.00
26.52
124.33
125.77
47.24
104.89
58.48
117.01
33.48
95.35
117.93
43.54
49.23
86.21
82.31
1.01
45.25
38.97
6.95
9.38
9.36
35.18
92.03
13.29
73.39
40.14
2.09
48.54
37.91
83.46
74.34
76.68
73.08
29.07
40.18
4.34
25.89
14.02
44.24
34.15
17.50
58.65
11.14
43.02
15.24
74.72
60.59
49.41
46.16
62.90
34.51
26.49
69.75
1.57
56.09
57.20
57.46
59.99
72.93
40.61
50.38
44.09
48.18
46.09
91.55
36.84
82.18
21.20
76.90
50.12
59.94
48.77
31.47
41.34
75.48
29.67
16.29
26.87
28.41
82.39
7.10
82.80
82.59
34.70
60.88
88.11
69.29
38.10
62.35
98.69
77.25
67.62
17.34
45.44
39.11
57.63
83.88
19.28
42.58
60.52
60.51
38.66
98.76
108.01
29.83
43.96
69.76
111.17
37.43
38.23
95.44
58.13
51.95
79.26
4.67
43.25
65.81
18.28
80.81
33.22
21.96
72.88
36.55
45.61
70.85
30.52
88.80
67.73
60.66
6.11
58.18
5.15
44.01
11.09
22.51
70.22
36.47
31.28
70.21
25.04
70.76
1.06
63.88
75.17
77.89
36.39
60.19
11.54
35.63
1.49
37.02
19.67
73.66
87.74
1.36
8.17
94.05
84.30
57.96
85.11
79.40
15.80
51.05
63.74
77.88
82.02
67.91
82.20
39.49
4.31
8.95
27.55
8.54
4.25
23.16
69.67
59.45
45.03
4.18
58.40
96.40
75.57
60.96
19.07
73.02
42.32
50.53
30.11
62.27
11.93
61.84
34.78
96.16
45.36
57.69
13.29
45.72
73.25
102.89
27.67
61.79
80.58
82.66
32.84
70.08
2.63
33.30
8.59
28.04
49.06
26.03
16.75
20.32
26.74
28.01
60.29
38.44
82.61
67.56
44.94
64.11
37.86
68.69
55.80
91.00
91.80
23.93
58.27
1.15
14.63
13.50
4.22
21.60
43.64
79.48
80.14
80.32
17.66
13.60
14.44
5.44
76.18
27.80
86.27
73.36
85.23
79.61
41.60
16.72
69.02
38.90
77.32
118.05
25.63
122.57
93.75
61.49
30.84
43.29
58.04
62.20
93.17
86.81
121.53
62.87
37.18
45.68
89.89
116.11
79.17
117.87
74.63
69.97
70.81
9.57
71.36
6.77
41.62
31.15
88.72
6.85
29.33
56.17
62.54
80.73
19.65
14.33
86.77
61.27
35.11
55.21
11.69
19.80
63.22
26.41
15.13
33.44
101.10
104.88
100.02
64.35
43.39
69.07
86.74
14.66
71.09
27.53
27.38
40.21
14.51
14.52
10.21
62.35
72.64
63.49
55.71
76.14
49.45
24.95
80.20
28.19
24.73
29.77
32.63
24.90
75.18
57.20
83.48
11.62
72.90
35.45
42.97
15.93
76.35
92.17
44.19
19.86
2.21
20.05
95.92
78.36
89.20
1.74
53.79
58.81
86.41
58.28
19.32
20.98
74.94
11.35
2.94
52.16
86.18
66.95
71.55
5.85
3.93
36.00
38.37
78.47
1.62
70.63
54.50
86.14
84.37
13.43
6.54
37.64
29.80
76.27
68.82
43.50
89.62
36.85
16.33
82.56
26.21
56.33
75.44
53.40
3.15
86.58
65.22
67.48
26.19
53.75
50.71
16.24
2.14
66.31
46.99
79.58
23.73
28.62
8.14
52.38
49.69
74.74
9.50
42.54
28.91
79.48
23.51
2.85
74.65
46.75
83.70
65.39
53.73
86.51
67.05
44.47
90.71
94.85
90.63
25.18
53.89
25.20
71.05
19.29
57.56
27.78
70.06
52.94
31.25
15.43
54.13
53.74
74.62
87.17
78.77
38.13
79.51
41.40
12.40
29.07
53.42
32.67
42.87
84.59
50.19
71.44
29.36
68.96
36.36
20.52
74.29
7.75
98.70
4.83
82.59
37.96
4.72
15.76
86.54
69.41
2.28
58.35
58.08
2.08
43.90
46.49
96.01
93.19
22.47
73.16
6.07
73.81
11.80
21.51
59.03
20.94
15.03
50.59
61.50
14.40
42.42
85.39
48.73
18.12
87.28
84.37
90.02
79.71
67.25
66.35
70.36
76.66
47.39
6.08
3.96
54.56
10.68
47.10
91.30
20.99
82.58
41.01
61.77
85.45
35.64
74.33
69.51
90.63
17.19
9.99
38.95
79.11
42.02
17.76
48.74
87.88
15.12
47.93
11.69
29.76
72.28
67.46
34.04
92.35
75.42
88.66
55.97
87.63
78.76
23.65
73.04
26.36
12.30
6.95
4.14
65.48
7.82
22.74
25.32
32.67
71.57
67.80
83.27
51.46
22.70
56.49
10.90
90.21
12.38
19.64
16.50
85.33
1.26
34.66
69.77
69.38
18.39
36.04
42.54
42.42
14.84
8.97
3.04
21.67
9.69
65.34
79.13
33.20
33.51
42.92
17.54
74.85
86.17
24.59
30.52
98.23
95.31
53.70
70.04
26.36
58.06
100.92
34.83
62.00
9.79
81.25
92.51
30.97
58.84
79.80
43.66
47.80
35.90
42.21
61.27
81.15
90.87
44.36
62.74
70.89
78.35
22.41
69.46
100.28
67.53
50.71
34.23
80.35
61.67
25.29
72.07
70.98
80.40
42.59
41.62
62.01
90.29
50.79
67.87
10.09
75.91
89.51
74.37
25.30
63.30
24.58
102.31
81.21
19.77
50.84
58.97
69.23
68.37
79.71
5.56
64.59
57.07
20.81
78.73
67.64
13.86
33.66
38.48
19.47
24.60
3.91
28.06
43.21
75.08
42.16
9.07
65.28
26.48
22.37
73.41
71.39
41.61
65.24
94.51
58.47
10.58
79.36
47.19
19.28
15.21
38.50
46.91
18.07
52.74
1.85
38.86
8.85
17.75
84.30
26.69
88.15
104.25
14.35
42.57
80.74
57.02
88.43
7.21
99.22
39.62
60.30
56.31
64.16
66.07
17.80
10.20
62.92
12.85
87.52
81.08
63.35
18.28
44.85
58.47
45.45
30.52
39.83
2.21
23.51
39.46
25.38
85.83
62.38
66.01
56.58
50.92
5.49
2.33
38.23
53.16
55.12
31.94
70.55
37.00
55.79
64.61
15.07
16.47
45.88
12.01
22.44
54.16
44.62
30.01
25.69
89.66
57.86
18.31
3.60
11.32
70.37
16.07
61.05
6.70
34.16
46.08
79.68
67.38
74.79
82.17
89.43
12.55
82.47
65.31
66.80
58.38
36.59
73.59
10.36
35.48
74.56
18.65
26.47
5.47
81.61
8.00
34.82
24.32
35.06
84.56
16.59
23.23
26.55
74.58
73.26
18.92
74.68
82.63
9.86
27.83
60.74
61.17
42.39
2.19
19.94
76.20
66.64
41.78
76.87
8.62
65.67
91.65
36.84
1.64
71.77
30.43
48.25
87.72
87.70
67.62
19.90
51.95
75.73
15.22
33.98
51.94
4.93
34.76
29.80
15.60
59.97
16.63
15.30
14.07
74.25
12.08
45.17
41.45
60.06
1.39
76.83
86.38
3.57
77.79
71.35
12.73
3.82
32.86
42.83
61.10
17.55
53.91
33.27
70.31
30.15
46.45
70.38
10.24
51.12
92.10
9.63
72.82
39.37
55.76
18.99
29.07
39.74
53.20
60.07
31.05
46.74
41.92
36.48
37.76
75.30
54.94
32.97
38.53
61.23
47.38
66.95
99.57
84.04
60.66
61.33
19.48
71.68
18.67
88.43
52.18
34.91
13.83
85.75
36.61
69.47
26.67
78.81
89.34
27.10
5.92
15.24
72.02
97.27
42.49
3.01
60.82
35.11
30.41
44.02
83.30
38.63
90.27
76.03
18.14
7.85
77.19
70.95
25.37
35.02
15.14
13.44
34.66
53.04
65.34
3.12
43.79
31.03
20.75
5.26
81.43
60.36
45.70
9.77
12.93
6.26
51.44
58.62
25.69
29.68
73.56
24.69
87.72
89.51
44.26
62.34
76.65
13.35
42.30
25.09
91.71
24.33
82.27
76.06
78.84
78.00
2.71
27.51
14.02
67.14
59.72
69.76
71.61
90.91
24.56
59.94
7.62
27.05
80.31
19.54
87.49
33.05
16.65
88.30
38.45
85.30
49.44
23.98
4.38
12.46
68.59
60.56
27.68
71.85
80.63
61.29
43.83
66.56
34.70
78.86
65.37
1.68
38.29
61.47
15.42
52.53
54.85
60.51
28.78
29.04
86.70
88.05
61.49
81.13
29.83
47.26
46.48
26.51
56.89
68.75
66.11
94.64
44.16
56.76
78.39
54.35
33.81
41.98
71.43
2.86
55.25
83.64
57.56
48.73
10.16
28.13
18.57
82.47
79.09
5.08
78.02
53.53
51.05
49.21
48.04
34.43
75.23
65.52
77.25
31.34
72.17
74.72
40.58
50.70
28.41
73.85
90.67
102.40
33.32
15.48
9.49
62.78
4.40
67.11
70.70
100.50
40.24
57.54
87.17
46.19
93.16
133.68
77.73
55.78
127.59
69.11
41.03
71.34
82.26
110.11
93.63
76.72
78.43
79.31
25.91
55.37
52.08
22.89
2.86
74.78
56.29
44.54
78.74
33.05
80.17
39.05
52.77
35.18
90.61
97.62
63.30
48.58
85.00
76.04
19.94
85.40
12.37
55.21
13.37
42.39
2.03
84.61
110.53
78.33
49.17
96.77
62.67
86.37
65.91
105.07
110.97
105.72
94.45
30.36
82.77
30.82
40.47
46.57
84.80
79.01
106.34
36.49
74.76
95.73
51.13
111.63
97.05
86.60
25.51
81.73
66.62
87.36
88.25
38.11
88.47
24.95
79.39
56.68
28.71
84.87
62.03
66.65
57.69
9.48
23.31
18.19
59.26
57.22
31.54
48.57
1.01
105.09
69.33
82.24
118.66
80.04
39.40
64.79
96.21
76.99
47.37
42.52
60.25
94.77
101.54
13.08
71.03
73.73
17.16
89.64
31.52
56.70
28.71
18.33
38.45
11.40
12.59
28.28
10.49
24.42
87.65
62.10
15.82
12.01
5.99
58.40
87.64
13.62
75.75
85.30
39.02
42.63
78.11
54.66
56.91
36.33
8.44
46.98
55.76
6.53
72.70
18.91
99.18
72.23
81.23
94.99
8.90
78.30
59.94
55.43
85.51
50.97
4.00
69.09
21.91
30.72
31.30
70.59
46.87
42.15
75.90
32.61
62.60
48.36
70.67
45.32
9.84
44.13
76.21
89.04
43.55
26.82
41.53
28.99
28.84
24.32
60.59
69.92
61.77
2.99
8.61
84.27
57.43
34.49
69.61
22.80
60.56
22.62
17.53
9.45
80.72
82.49
76.51
36.89
58.69
12.76
63.13
24.49
95.49
8.88
1.18
34.96
87.14
78.38
56.76
49.12
15.06
58.13
46.69
84.93
36.22
