97.79
43.87
73.11
47.22
23.69
11.91
10.05
19.14
55.53
76.54
45.04
21.80
60.61
90.86
103.18
56.87
31.41
71.68
8.28
44.85
74.67
8.13
76.11
79.42
58.45
20.55
39.05
50.56
34.48
23.13
17.60
35.09
46.78
24.23
53.84
35.90
93.11
51.23
82.58
38.87
69.21
78.23
46.86
66.09
26.44
19.93
86.07
16.57
52.52
19.60
79.97
27.55
77.25
19.28
94.61
75.68
9.44
85.04
66.34
24.21
56.73
49.35
48.81
15.00
44.08
16.39
8.04
56.88
47.73
94.83
62.97
66.60
82.06
10.90
26.43
56.34
30.67
54.19
77.13
35.03
50.30
30.71
68.50
67.96
86.90
12.75
2.80
8.90
15.78
1.70
32.06
153.44
30.52
31.36
4.65
23.37
57.42
16.83
5.65
33.40
27.32
4.80
31.63
66.49
36.22
18.34
37.35
43.14
25.86
79.27
35.32
97.10
33.94
50.96
31.50
5.87
66.33
77.89
38.84
88.24
27.17
63.88
34.08
11.07
42.19
51.77
18.22
55.89
17.18
82.61
80.87
64.08
33.54
64.54
11.83
54.71
42.75
14.66
45.39
53.68
10.88
88.76
60.59
14.43
51.40
17.10
6.15
74.43
78.01
79.01
89.56
63.62
72.22
34.27
9.72
32.31
14.56
2.60
47.54
43.37
103.09
82.05
59.49
28.29
53.79
80.68
1.41
1.06
23.10
68.15
62.03
41.21
30.02
16.67
42.90
17.97
56.59
26.54
15.22
70.87
77.33
64.64
16.98
87.22
70.61
52.46
38.15
74.40
34.23
54.64
79.61
67.53
3.69
94.44
6.95
87.64
33.86
28.59
84.12
8.85
19.49
84.69
38.39
36.11
85.25
73.50
51.08
74.35
25.23
31.18
17.14
81.02
54.44
80.81
4.94
63.81
56.00
33.91
32.54
19.43
34.91
72.25
53.74
43.88
32.14
73.74
71.74
20.45
30.20
31.99
110.16
110.46
104.94
115.29
85.79
94.78
45.11
61.32
111.47
28.24
3.62
20.02
14.42
47.35
11.51
65.75
71.30
4.13
49.77
88.00
92.82
49.67
85.33
61.66
86.92
56.44
71.04
71.44
41.59
39.14
79.77
86.99
85.85
38.37
9.99
56.41
51.36
9.81
70.91
23.80
2.01
23.89
44.71
67.91
69.18
19.46
14.84
9.62
7.25
57.76
84.90
1.68
81.98
53.49
12.32
79.13
55.95
5.53
31.25
58.86
32.54
79.55
88.81
13.67
85.87
74.84
23.79
74.89
25.34
12.47
20.99
55.19
49.56
9.36
28.45
32.73
38.27
50.20
9.42
74.20
23.74
12.46
25.84
84.98
55.89
21.83
37.43
87.07
38.96
72.95
90.71
9.38
10.43
39.97
50.07
42.62
34.23
5.54
23.96
37.56
70.57
37.53
71.71
7.03
46.40
10.92
46.48
69.85
64.27
73.31
58.59
2.62
84.23
60.28
33.89
34.06
44.91
12.33
57.73
28.42
12.29
40.43
45.80
19.56
23.41
74.85
46.19
31.27
36.96
4.89
41.37
125.07
32.95
93.68
98.72
49.03
63.91
38.07
74.93
103.97
34.48
68.81
28.59
3.69
67.24
23.50
57.25
80.08
25.21
2.65
10.29
41.09
1.29
36.76
76.62
81.81
33.38
60.79
54.79
53.49
83.81
31.40
54.46
86.84
118.27
33.39
68.16
112.77
119.53
124.29
95.54
47.14
58.16
42.85
33.21
93.52
35.83
93.81
91.80
101.16
23.14
53.63
28.26
86.88
21.06
70.20
30.93
32.10
86.99
59.48
47.57
39.61
85.94
51.63
13.44
78.17
10.31
36.97
53.78
58.17
4.00
75.27
5.77
74.73
19.61
74.43
60.45
13.13
37.92
7.95
80.02
39.29
59.33
71.64
48.47
4.34
75.15
42.97
9.56
37.46
22.88
86.25
39.28
84.87
66.89
50.90
68.73
69.47
85.10
73.84
16.74
70.55
17.42
25.96
49.94
56.41
6.13
41.69
17.79
90.50
2.38
34.58
15.92
7.13
64.59
63.07
38.97
26.56
10.72
61.40
15.91
85.94
63.30
89.46
60.26
36.91
54.67
5.34
36.43
11.45
23.49
61.07
46.90
28.08
89.85
82.64
35.54
74.54
72.08
47.47
58.05
9.92
78.32
48.11
6.70
71.62
73.37
47.11
9.97
54.52
73.82
11.16
95.87
8.57
27.85
27.10
60.07
20.49
11.42
89.90
72.53
63.30
5.30
93.60
42.83
8.35
61.44
43.90
24.36
47.25
77.29
34.89
81.66
59.63
55.39
63.37
15.08
49.06
46.26
67.82
22.09
9.64
76.56
57.07
53.68
70.62
53.42
68.78
69.14
67.07
21.25
58.90
43.24
82.24
43.76
69.08
54.67
53.05
44.14
61.32
83.44
28.30
1.35
12.58
15.05
25.85
90.17
26.71
40.22
83.94
74.10
66.73
46.29
55.69
6.61
67.98
80.52
31.64
74.37
34.60
25.72
115.94
97.57
85.23
90.34
96.89
99.63
42.93
73.59
109.45
80.04
13.39
25.47
65.08
61.34
40.59
34.22
9.82
15.03
61.68
86.09
101.76
33.26
54.94
104.28
97.08
109.08
78.00
86.52
87.51
34.33
24.20
33.26
22.86
63.18
76.83
11.30
47.94
28.59
30.23
56.15
72.56
38.70
54.15
10.30
30.77
1.82
79.63
89.11
68.08
28.32
17.65
88.05
69.32
52.76
6.60
82.94
42.91
87.83
57.83
63.03
35.50
64.46
37.73
21.29
54.20
41.78
45.87
25.46
9.48
31.30
46.63
73.23
67.11
106.98
45.13
32.49
83.06
20.32
28.70
43.44
68.82
73.11
73.28
72.77
9.75
70.96
3.11
23.96
32.24
138.92
114.08
116.88
88.14
55.54
87.56
94.36
50.60
58.57
139.46
93.24
37.21
68.37
89.04
25.27
36.84
66.59
71.07
83.17
18.55
47.07
35.03
53.40
5.10
37.58
21.81
19.78
67.68
49.97
53.69
48.43
45.61
70.52
55.25
75.09
79.66
72.98
15.63
54.37
5.75
75.29
60.33
114.53
98.14
40.25
66.38
65.85
86.58
33.55
76.78
77.34
61.01
59.50
32.89
89.14
39.37
91.68
43.81
38.54
43.43
31.19
40.88
88.32
88.77
58.30
42.12
25.04
11.62
73.04
27.28
63.22
36.63
70.01
51.98
11.98
12.29
52.11
91.01
20.51
76.11
15.71
10.22
81.98
74.78
61.35
77.94
21.72
34.27
32.54
69.59
87.15
81.40
57.91
34.54
12.68
66.97
54.89
80.42
62.98
36.32
45.86
64.91
60.66
103.00
79.65
107.83
36.04
67.39
8.99
37.04
56.34
44.84
18.85
61.54
43.35
46.74
55.29
31.96
73.72
24.92
18.43
19.33
52.94
9.41
60.87
31.53
19.62
1.62
38.43
36.71
50.36
17.82
52.07
56.42
32.34
30.87
9.22
78.21
46.94
28.30
84.80
61.81
9.11
61.03
76.64
17.46
50.75
64.03
76.40
10.56
57.08
69.96
27.55
86.24
92.85
92.50
9.59
85.24
23.46
26.50
38.05
77.18
31.56
54.88
28.02
20.57
53.28
10.87
59.07
63.64
77.12
82.82
74.12
6.53
18.62
66.36
58.78
87.07
49.79
79.67
49.99
1.19
39.59
19.75
1.44
1.12
81.85
66.47
6.26
16.19
44.96
90.92
23.50
23.48
1.84
56.55
29.28
75.16
55.88
23.59
40.99
47.31
21.71
42.12
23.34
34.29
44.89
79.87
62.34
25.29
4.65
48.26
82.84
40.03
62.11
46.82
14.36
81.59
45.86
4.09
42.08
84.80
30.21
33.33
2.10
84.58
46.74
73.49
93.76
54.26
27.85
33.06
25.49
23.16
10.83
44.71
34.83
24.71
53.10
76.34
17.66
46.92
50.30
77.42
62.42
40.19
39.81
56.10
30.84
33.00
2.23
60.69
91.40
86.45
14.20
83.44
66.66
64.38
10.64
63.25
73.30
55.89
60.58
7.47
6.28
13.92
35.35
24.28
41.21
4.57
75.16
16.76
86.42
34.64
74.22
45.78
27.17
75.16
24.91
74.78
12.51
81.67
1.73
53.70
60.05
6.34
76.04
38.15
39.80
63.77
21.17
46.45
68.26
88.42
53.18
8.62
72.29
57.51
43.14
27.79
75.24
13.61
15.38
6.34
68.24
6.14
28.00
2.27
35.32
18.90
71.77
35.65
53.16
9.05
24.84
53.41
43.68
45.95
8.65
50.85
62.87
42.55
68.08
46.11
67.34
15.93
40.93
49.41
21.62
30.92
42.96
44.80
19.17
71.49
33.37
11.12
96.74
52.31
64.32
43.74
30.46
93.39
48.39
66.75
22.75
36.25
8.24
46.03
67.35
6.68
94.54
96.35
13.96
14.79
82.61
18.10
49.85
89.65
90.47
66.42
38.57
62.51
53.32
57.01
26.82
1.23
78.78
24.29
13.37
1.66
51.02
32.13
51.97
66.90
6.34
27.85
40.04
84.65
88.99
77.76
72.80
36.11
86.50
50.47
65.18
3.87
67.79
34.42
77.78
14.71
56.91
81.04
2.40
83.72
15.60
70.10
44.04
81.17
62.94
48.01
31.54
29.14
31.16
16.52
20.72
28.94
95.26
57.16
48.23
5.50
78.97
10.67
1.78
56.72
34.71
77.42
63.58
39.41
88.55
42.99
93.68
38.06
69.35
27.65
47.37
8.07
11.80
62.87
26.60
2.29
88.05
81.07
32.20
34.00
49.58
71.95
43.96
84.05
23.79
67.04
67.23
96.27
11.79
64.76
72.94
65.53
64.89
28.49
33.30
9.00
83.98
67.61
55.78
28.42
37.81
29.74
80.96
36.28
75.74
34.73
63.17
69.78
83.32
66.17
34.02
39.01
9.22
72.46
73.67
55.87
106.94
60.26
67.45
76.64
97.52
91.38
94.41
62.17
46.48
79.29
109.16
90.77
25.03
60.68
114.26
17.91
93.17
71.36
89.52
79.29
87.31
29.20
33.70
15.03
104.89
63.17
71.00
34.80
104.97
36.24
9.90
30.88
12.49
91.84
97.84
63.22
56.08
31.93
68.20
1.31
36.52
39.44
69.57
74.67
98.77
78.19
34.41
27.78
103.40
71.49
63.59
63.14
89.69
87.02
19.19
52.03
53.27
71.75
68.13
45.62
84.71
32.75
53.34
7.05
27.54
36.69
35.51
34.76
48.92
35.31
30.22
66.66
68.29
76.03
82.66
66.63
7.90
68.08
13.05
81.34
40.84
69.65
41.61
74.36
39.32
4.46
4.39
1.68
71.02
76.47
56.30
54.72
36.80
46.53
80.30
106.55
56.73
71.01
115.47
108.92
20.29
12.58
68.80
25.13
31.15
84.23
31.83
23.03
37.67
64.37
65.30
66.43
18.07
87.40
60.11
20.51
15.21
46.47
79.80
60.13
74.56
1.37
67.10
71.53
8.91
36.71
78.83
43.77
84.32
71.40
82.17
11.09
61.75
14.03
52.71
87.06
41.97
53.02
78.90
60.50
89.19
22.19
69.81
77.25
72.98
92.14
4.36
27.83
34.25
16.13
41.36
35.30
86.63
21.05
77.72
71.41
54.71
32.11
79.58
17.10
92.68
7.31
19.64
49.50
61.59
54.84
74.96
70.23
64.26
48.89
20.09
31.03
51.35
32.41
42.09
17.76
72.15
11.82
64.36
58.22
32.01
3.28
73.72
87.78
68.78
65.38
40.40
60.67
33.17
50.28
85.30
12.48
10.20
80.91
76.71
59.67
59.64
25.23
40.64
32.80
99.19
35.19
85.66
34.07
29.89
77.39
32.28
74.79
80.07
26.58
81.80
68.14
12.87
25.87
82.10
2.24
43.87
68.85
82.84
84.41
102.40
20.04
33.70
25.91
54.18
10.63
93.72
28.11
31.71
8.67
95.55
48.63
47.65
32.28
13.92
62.35
61.67
31.50
90.65
65.13
15.84
49.26
52.88
23.54
5.77
36.97
25.77
82.50
11.54
30.67
66.06
94.63
45.87
70.86
99.24
62.28
68.15
37.81
88.46
72.62
4.08
14.78
84.50
9.15
7.38
46.67
14.04
21.01
64.73
44.19
79.12
49.92
22.53
50.24
38.52
67.63
70.35
37.05
34.54
59.39
61.93
56.64
56.92
84.63
50.62
21.72
90.30
103.34
22.37
100.72
81.53
2.86
88.67
93.77
68.18
4.45
78.54
48.22
41.98
56.98
66.11
6.23
9.44
89.39
76.74
29.24
49.16
12.13
1.29
8.69
76.95
64.48
26.06
57.78
36.35
63.37
91.91
60.01
92.48
2.23
32.56
77.73
24.08
63.60
80.92
55.02
59.59
70.00
74.33
48.84
79.93
6.47
46.51
58.29
38.63
42.54
20.99
28.01
1.60
22.89
98.81
20.21
41.77
88.91
64.33
81.44
80.84
32.27
77.21
70.25
86.21
27.18
94.83
28.37
7.96
11.57
3.74
25.85
53.12
24.26
98.83
88.29
54.17
57.72
17.87
72.05
93.84
92.64
23.15
15.87
47.48
78.36
35.60
37.44
28.78
41.69
3.72
84.30
90.87
46.33
69.34
41.07
75.63
87.57
85.85
16.42
91.32
7.96
15.86
84.89
62.25
79.77
3.37
66.03
36.74
7.45
79.06
80.04
64.29
3.31
68.80
31.31
23.08
80.55
34.60
15.32
67.68
69.32
40.55
69.51
22.35
98.21
94.94
29.78
6.58
14.61
61.69
48.92
21.11
104.32
99.03
100.62
51.65
25.79
7.81
49.20
62.21
47.87
62.09
11.22
18.29
5.45
90.42
28.88
5.63
27.62
84.58
12.05
49.39
34.59
23.62
79.17
59.05
25.05
20.72
15.50
23.71
79.23
50.23
28.08
25.92
72.77
56.50
78.53
68.64
1.07
38.47
49.00
7.91
51.99
15.67
42.24
89.73
2.96
62.86
53.25
2.51
24.68
52.02
68.14
26.61
85.20
25.21
70.14
13.83
45.01
12.33
31.00
37.18
27.80
43.21
57.42
78.50
14.64
15.28
77.35
27.54
32.60
65.21
17.67
56.29
49.54
31.76
38.80
64.48
36.36
17.17
21.44
71.21
78.58
58.28
34.17
12.75
16.77
15.29
84.97
33.12
38.52
1.40
8.40
46.04
76.44
13.35
63.51
39.48
40.46
72.24
24.02
57.63
29.58
77.33
48.99
52.76
70.37
86.79
86.12
62.95
34.07
7.96
71.22
89.24
50.12
17.08
13.83
59.93
55.37
71.24
6.11
85.00
83.97
43.73
80.94
47.72
35.35
73.22
48.34
73.66
72.01
41.99
50.71
46.04
60.15
47.22
29.31
54.62
30.74
66.48
63.35
33.83
72.73
80.92
63.35
35.62
25.19
33.73
77.98
38.96
13.15
31.85
33.75
54.71
58.24
61.10
65.84
49.72
8.20
93.14
32.48
37.00
94.50
11.43
22.55
42.11
43.54
25.95
42.44
13.42
2.90
16.69
37.80
97.60
37.67
19.02
24.70
17.66
74.25
45.15
27.10
55.72
83.07
103.96
24.98
52.47
20.22
32.08
61.08
26.31
14.28
73.92
19.22
64.80
3.74
23.27
66.16
48.61
79.93
35.55
75.94
8.56
48.13
49.35
5.02
13.74
58.95
24.68
37.41
74.90
44.21
51.84
46.35
49.34
38.97
27.48
36.43
45.88
97.29
7.07
30.38
66.97
19.16
35.78
28.09
55.25
1.58
58.73
64.47
43.06
67.05
54.77
9.69
43.28
80.20
45.17
78.19
1.35
27.70
61.57
5.97
56.56
54.57
78.09
70.23
26.47
65.80
83.39
51.05
25.21
10.15
8.17
54.92
18.69
66.90
83.79
62.95
34.69
6.96
4.49
22.55
52.11
14.64
44.29
23.68
18.49
18.25
15.95
64.90
19.05
74.79
21.38
29.98
62.00
55.47
84.93
79.91
10.58
22.43
12.80
72.20
32.91
23.95
96.38
67.99
83.22
50.24
26.09
90.27
84.37
57.41
72.11
40.78
31.14
7.07
17.11
66.59
9.80
4.89
17.42
81.34
59.83
5.72
1.95
55.42
12.30
1.55
73.46
37.77
15.31
75.87
36.58
23.26
8.61
1.22
4.15
59.16
17.80
52.44
27.08
34.22
84.82
14.63
62.00
17.98
14.90
29.80
20.04
44.59
15.41
20.31
65.78
33.18
58.92
28.55
85.11
79.36
67.56
25.04
67.60
17.71
16.92
87.77
24.52
8.55
41.21
62.85
70.75
73.30
62.99
53.96
24.57
43.98
66.53
6.50
27.71
16.45
83.17
76.35
18.19
29.92
51.17
2.14
50.20
71.28
87.50
50.19
35.61
35.75
18.07
13.61
33.87
42.87
115.61
74.68
54.65
32.73
39.99
100.61
28.42
32.20
21.62
51.82
83.74
18.20
4.27
52.26
86.22
10.61
26.73
67.25
29.24
71.10
45.02
100.08
93.86
24.06
73.45
26.66
72.23
42.72
87.87
83.08
61.73
24.89
77.64
36.80
66.01
68.18
90.91
59.60
7.42
31.33
89.62
94.43
48.62
77.53
35.96
43.43
5.35
1.44
56.21
9.36
60.07
106.37
109.97
74.55
69.64
109.18
30.79
23.38
33.13
72.27
56.22
69.94
81.95
34.94
77.67
25.46
55.82
31.62
23.69
55.41
112.73
74.68
91.09
67.30
41.38
31.92
92.81
68.87
23.43
42.64
17.85
23.78
80.30
73.26
44.81
76.16
10.02
5.21
81.49
81.82
117.77
52.08
110.49
110.98
120.45
116.84
56.15
64.84
93.51
44.51
60.59
87.14
88.15
88.04
80.24
58.35
120.75
65.08
104.89
72.56
23.15
74.31
88.21
101.87
45.73
129.36
110.53
45.51
40.09
59.22
88.34
41.09
33.84
37.48
17.13
83.70
40.84
19.37
84.57
38.98
42.83
58.32
88.03
53.29
29.20
31.12
87.38
104.02
29.91
93.43
5.61
25.51
33.37
77.44
80.11
1.27
15.29
49.15
56.13
58.79
77.23
30.28
70.58
30.85
24.36
24.46
50.52
30.58
68.34
66.42
3.29
51.23
51.08
10.43
18.24
37.68
15.90
48.69
47.64
35.27
