16.21
63.12
63.22
90.91
8.90
25.72
5.37
20.43
57.41
2.82
89.55
42.72
63.24
8.01
28.49
16.06
51.62
64.40
50.53
6.69
17.11
31.45
12.19
5.11
42.33
23.68
17.34
8.57
43.70
67.50
76.07
18.44
91.63
88.90
7.68
74.91
28.67
74.56
11.72
92.58
40.31
65.31
75.33
3.34
7.52
6.67
37.92
44.44
81.26
36.51
81.51
29.99
73.00
71.58
43.41
36.30
61.42
10.45
20.01
90.31
23.82
50.79
82.95
8.13
41.06
31.62
27.93
73.60
30.77
36.82
15.03
46.73
41.79
23.35
6.52
17.62
72.32
61.39
60.38
6.94
7.59
26.51
36.69
66.68
26.85
38.41
14.72
53.83
58.75
10.49
39.39
88.09
73.21
84.44
46.66
51.32
75.78
40.37
14.48
2.72
61.79
29.28
55.18
2.72
10.90
54.64
69.48
79.18
23.99
12.82
68.56
70.31
57.41
76.47
52.56
48.51
68.54
26.85
24.64
52.34
34.38
2.66
48.79
59.10
32.14
42.77
28.68
91.23
3.07
83.52
103.34
103.39
91.80
15.90
36.74
66.70
35.31
35.98
16.72
99.14
1.54
65.21
82.26
28.20
40.36
50.87
14.87
69.59
54.72
52.12
43.66
63.98
50.22
77.53
76.88
71.59
44.79
54.71
75.45
37.89
55.07
13.36
89.24
68.72
42.24
38.00
9.87
65.17
8.85
89.51
62.23
50.98
6.18
83.94
89.00
26.84
76.55
43.02
72.83
74.07
7.89
62.92
55.24
62.12
81.90
5.67
72.73
47.79
47.88
3.16
56.93
1.17
43.10
18.70
84.03
36.28
40.11
55.06
86.86
57.36
62.84
25.95
98.38
88.35
82.97
36.65
4.05
18.61
23.50
93.98
63.97
67.95
57.53
50.64
76.37
82.24
59.31
5.96
45.87
62.53
34.46
14.46
57.30
68.25
83.17
58.14
82.97
50.10
2.94
49.55
5.48
5.21
85.10
16.53
84.30
63.48
8.44
72.69
74.37
28.94
8.82
50.73
19.24
61.08
61.69
83.49
25.43
10.05
19.41
46.57
5.40
15.73
41.23
58.22
84.62
80.33
90.09
58.34
27.38
19.55
43.41
45.57
5.68
27.18
57.11
67.38
11.37
23.54
57.01
76.69
31.52
73.46
87.78
21.88
88.19
1.78
59.26
4.99
53.54
33.76
64.06
31.20
70.43
37.36
44.64
62.77
52.54
53.95
103.76
100.91
91.30
26.27
18.82
38.57
13.25
8.80
36.72
37.39
75.33
27.06
12.38
76.07
61.01
49.09
14.59
8.25
10.95
30.98
21.48
67.94
44.92
68.45
69.42
55.26
37.95
7.03
66.70
86.85
40.83
16.02
28.91
15.23
1.02
80.12
14.48
57.49
19.45
4.05
44.91
8.59
90.56
54.21
69.64
52.45
46.66
72.37
10.35
57.18
83.13
65.04
76.76
62.62
86.05
6.93
39.88
27.13
76.65
40.56
83.30
43.12
17.29
38.54
76.14
82.50
26.23
65.50
23.59
66.77
27.09
62.90
51.94
38.48
48.53
25.81
52.87
106.24
104.44
97.97
59.15
45.24
25.81
77.43
60.53
35.68
56.30
27.70
66.48
29.78
34.79
21.52
4.89
45.99
87.06
31.11
56.13
6.70
20.81
73.87
50.75
60.45
65.41
43.88
39.53
34.95
23.20
16.74
74.92
1.25
6.13
13.99
17.37
40.02
90.02
82.23
34.03
34.50
87.98
84.57
61.95
46.99
80.31
89.08
38.85
82.78
20.92
36.74
15.58
86.74
45.42
70.71
4.08
76.95
88.51
39.38
37.95
67.15
16.36
13.96
23.04
11.81
69.00
97.77
49.28
60.24
69.73
55.13
60.48
13.05
21.57
38.01
61.43
64.56
20.36
19.67
89.60
44.64
87.64
91.25
60.18
30.33
96.33
99.64
93.24
93.46
100.02
88.92
86.16
35.32
46.22
19.88
64.08
56.14
63.19
39.38
56.13
72.42
55.75
41.78
66.42
3.68
27.13
61.68
59.49
35.22
63.38
40.14
88.16
86.75
8.41
31.28
39.74
62.98
18.89
17.90
77.19
15.20
71.52
13.68
42.06
84.42
38.14
82.39
10.55
43.63
61.77
35.69
13.25
9.79
45.82
54.72
19.22
29.52
33.85
3.34
30.26
39.08
81.80
87.25
32.24
22.25
40.57
34.38
81.83
70.73
65.86
29.97
19.63
4.65
37.04
77.83
6.14
66.34
41.82
67.64
75.92
78.06
79.51
19.00
28.44
1.69
41.15
47.87
50.93
74.47
99.69
80.84
77.63
46.63
33.09
88.13
25.34
65.12
25.81
78.77
14.72
77.13
13.78
45.74
98.24
18.10
42.96
16.52
43.49
1.44
80.16
78.61
5.67
45.09
35.94
11.51
52.35
72.81
64.33
19.31
84.72
42.53
46.46
43.71
1.52
82.99
1.54
42.91
92.41
75.49
73.97
42.80
62.91
3.28
4.14
24.10
68.99
26.55
43.27
33.37
95.65
40.54
33.78
112.53
99.29
108.54
33.29
79.73
57.28
14.32
94.25
49.71
74.26
37.50
35.97
92.99
24.64
16.19
52.11
6.89
42.64
70.37
34.64
55.09
7.27
92.45
44.43
75.56
50.45
27.43
72.90
73.39
73.29
45.05
105.74
48.40
65.54
4.42
78.12
57.78
60.46
6.53
88.92
27.57
63.37
76.21
20.21
33.33
90.48
86.46
72.35
41.57
78.72
8.30
74.45
84.75
16.54
93.07
2.37
40.42
24.72
86.65
93.58
10.37
91.90
13.19
89.36
57.88
23.52
47.86
118.44
80.62
19.33
68.22
85.19
21.75
56.95
50.52
91.86
7.19
27.51
55.06
32.36
74.54
2.43
2.05
68.46
71.65
40.73
23.70
99.03
24.73
15.10
22.25
95.42
77.58
23.03
23.93
65.82
111.79
42.98
99.21
44.45
28.06
110.61
19.71
3.62
85.77
27.27
80.23
48.42
28.25
81.33
25.98
49.75
69.00
106.74
51.58
117.20
61.81
67.30
73.52
37.56
61.07
37.89
23.21
64.61
58.44
38.61
68.77
78.51
39.83
11.03
62.69
3.77
72.58
48.26
23.00
26.64
68.04
25.73
30.09
88.38
61.96
61.42
49.64
2.51
20.49
29.38
39.24
38.67
9.23
2.78
29.83
11.07
64.65
38.44
16.82
47.15
87.93
59.76
91.88
44.98
29.04
12.50
83.76
34.14
37.72
3.37
69.84
47.24
72.77
76.37
35.12
90.50
9.68
48.83
104.17
36.57
109.17
60.01
107.94
106.56
63.93
37.46
18.04
64.45
96.21
88.18
83.32
63.33
33.50
71.39
89.86
1.70
77.38
11.71
26.12
33.59
69.20
42.47
8.54
76.40
1.98
47.89
10.53
38.58
69.34
31.44
11.64
51.92
49.63
1.54
15.70
72.82
84.83
49.97
40.30
39.78
29.31
51.58
21.02
29.14
27.64
24.97
77.50
18.98
21.52
70.40
78.93
63.75
86.32
29.06
54.62
38.93
70.19
80.61
3.47
76.05
33.53
4.53
5.86
19.91
63.87
43.78
33.99
83.99
94.39
61.58
31.08
34.85
28.07
70.94
92.41
10.52
40.15
4.61
13.50
7.89
35.84
61.00
25.05
56.28
22.30
65.86
2.35
47.53
26.37
14.33
77.78
72.72
32.64
39.03
21.59
79.87
25.51
82.88
7.46
45.40
38.65
54.99
89.43
85.09
89.55
24.43
83.76
78.61
51.88
20.91
61.00
1.63
12.53
34.54
87.99
53.19
37.91
52.00
69.47
92.13
93.19
62.51
1.65
72.03
71.53
4.81
18.12
43.72
87.10
43.84
57.00
66.65
25.67
47.35
38.68
86.48
44.02
58.59
54.77
47.24
48.86
60.96
52.51
47.50
3.67
34.11
65.61
82.37
64.91
25.56
34.72
15.70
81.06
97.05
44.05
89.32
67.69
40.39
19.43
62.25
76.89
39.62
18.68
12.62
30.29
28.44
21.27
41.22
88.44
72.54
52.30
49.51
62.05
69.90
5.76
36.85
28.98
66.38
31.97
62.56
69.41
91.41
34.64
53.34
18.76
85.64
45.20
76.27
6.44
61.63
4.33
70.58
63.74
17.21
76.35
77.05
15.24
62.30
71.87
34.26
10.12
4.19
54.69
28.63
20.74
24.93
15.59
44.25
30.88
74.19
44.14
29.36
15.27
54.05
84.05
42.85
31.49
25.89
81.81
44.66
53.97
29.27
86.16
41.96
65.55
76.02
75.86
77.94
57.11
3.93
21.16
21.97
68.66
67.95
6.57
29.85
44.24
79.73
43.31
56.58
25.19
21.37
1.47
18.55
2.60
12.90
20.38
55.86
25.01
77.20
47.68
27.61
47.66
64.22
87.29
9.73
69.05
43.43
53.04
38.22
30.85
15.92
86.47
69.68
97.58
6.77
25.08
53.82
19.33
69.54
46.62
59.17
59.49
87.01
1.63
51.52
33.42
82.49
93.42
81.63
18.48
40.95
25.82
15.60
65.48
47.02
44.89
96.75
45.93
77.83
32.36
34.15
34.62
68.13
44.82
91.09
47.20
84.44
36.33
5.03
24.50
45.33
43.58
12.19
43.96
3.30
52.17
89.72
85.64
75.55
46.57
75.81
53.09
75.80
82.44
74.03
2.78
42.25
48.77
41.47
2.55
13.20
27.70
72.71
72.70
85.01
35.11
10.66
16.35
10.19
18.23
1.50
60.94
64.16
57.36
91.66
87.77
101.44
6.20
4.11
64.59
51.36
30.23
11.53
15.53
50.33
97.78
64.90
39.54
62.55
26.83
19.65
32.86
83.76
8.50
32.61
53.57
80.34
40.21
63.54
84.89
17.63
78.36
12.93
32.12
94.60
87.25
94.03
29.92
67.49
14.16
53.45
56.31
69.24
35.93
48.67
43.64
18.17
86.87
39.58
88.05
71.76
8.84
2.51
75.20
34.52
88.43
26.44
88.91
76.49
44.07
92.13
2.96
14.50
29.83
24.84
54.86
26.09
27.79
34.61
19.28
90.82
29.20
92.43
63.70
73.91
26.07
39.80
89.65
41.78
22.38
48.02
44.27
53.39
34.38
84.70
46.76
83.69
7.01
7.07
56.99
61.53
72.41
9.85
83.32
21.64
49.37
58.18
55.99
63.46
79.92
109.19
58.66
54.20
30.12
45.81
56.93
92.72
35.40
69.86
35.24
64.56
47.79
4.60
50.53
54.68
66.88
77.92
19.78
32.73
78.20
37.42
76.62
81.78
9.88
7.42
45.67
91.00
22.65
37.77
34.77
1.98
42.36
39.72
64.18
3.51
82.96
82.92
26.76
85.89
79.64
77.41
50.46
78.23
98.78
65.01
45.84
34.25
10.72
19.47
3.31
67.30
11.49
69.97
27.90
6.83
68.37
83.17
28.22
44.33
79.20
34.07
47.46
72.11
29.03
12.21
58.08
69.46
90.16
65.81
105.10
117.47
18.77
61.18
105.74
50.24
66.08
37.33
51.22
71.20
38.75
22.00
60.66
54.18
53.07
16.11
19.47
32.09
3.78
40.45
79.37
51.11
16.52
80.76
70.23
12.96
82.82
57.97
39.88
94.11
82.84
54.73
100.30
58.83
92.29
52.02
19.03
20.98
80.17
69.24
63.89
70.19
78.47
52.49
13.25
37.06
20.57
52.45
7.06
52.27
29.61
72.70
68.57
72.04
4.15
86.88
63.90
41.22
74.27
28.76
9.72
7.26
60.91
20.37
73.95
36.52
35.03
60.15
47.40
93.87
18.37
71.25
68.58
16.44
53.50
17.61
26.26
79.60
46.79
23.45
54.86
50.23
49.64
50.64
61.52
78.99
11.68
51.57
32.35
54.53
31.58
13.94
63.31
33.45
82.98
1.21
66.80
59.97
37.79
51.62
29.35
41.21
23.94
28.12
74.60
47.78
21.18
71.97
57.50
44.37
27.21
16.04
29.31
46.98
48.22
61.18
36.08
67.23
24.67
21.17
36.63
38.84
63.25
20.36
68.47
56.52
20.36
47.48
7.58
86.33
35.89
50.45
52.95
88.72
99.00
97.23
55.95
46.39
65.55
65.62
71.00
3.08
5.19
56.62
7.21
73.45
86.99
14.76
42.27
31.66
4.47
10.75
40.41
46.98
25.62
46.95
30.72
68.85
50.95
2.03
14.03
55.60
72.09
89.64
1.61
65.44
17.59
86.78
9.85
86.97
50.53
30.38
6.24
63.16
58.32
73.11
32.72
109.58
46.42
55.77
70.13
95.61
35.03
62.91
17.09
62.16
30.99
49.08
63.65
87.37
25.88
89.10
80.15
68.82
40.98
59.29
50.54
27.35
74.51
87.26
6.20
70.73
25.26
44.34
83.48
40.53
57.74
45.06
44.80
34.64
16.96
20.87
41.86
34.07
74.02
2.12
43.28
64.31
17.24
24.88
58.27
12.80
49.83
90.93
89.50
68.88
57.87
68.49
30.63
55.06
22.04
58.16
55.20
51.69
11.51
61.42
25.20
46.00
58.16
27.71
55.89
25.55
76.04
24.94
21.96
7.13
57.29
84.85
92.83
83.14
26.53
18.32
44.25
92.79
72.38
79.17
10.71
24.92
59.41
99.87
95.00
22.89
53.27
80.49
9.59
93.13
58.27
54.77
72.04
64.38
41.02
74.25
39.99
66.21
19.32
67.88
10.81
10.84
46.70
99.37
61.01
26.04
63.09
67.20
46.29
71.55
20.90
23.60
90.53
57.87
65.10
24.10
39.31
14.85
66.81
68.56
71.85
50.97
29.63
51.18
20.48
41.35
76.62
35.38
85.34
33.69
77.04
69.97
84.89
80.29
45.34
52.16
40.59
33.97
74.09
32.86
75.41
37.39
54.89
41.00
11.48
63.56
15.20
50.01
34.83
7.89
18.94
36.12
37.31
55.78
14.37
30.85
26.29
43.64
69.18
50.59
10.00
47.33
66.32
55.20
57.34
89.70
59.46
84.56
47.57
57.28
8.53
63.98
76.38
105.40
91.84
72.24
88.58
78.32
30.21
42.29
75.16
64.31
17.28
61.63
36.05
62.80
77.08
70.26
72.97
60.51
62.06
53.96
13.00
1.21
69.85
22.76
24.77
69.50
81.48
57.82
39.84
81.04
15.88
12.46
24.25
61.58
11.16
77.62
42.24
44.79
67.42
3.82
36.42
42.79
63.87
6.38
5.71
31.09
66.49
7.78
51.76
89.52
85.70
25.50
13.23
63.77
43.54
67.88
53.35
13.39
59.91
64.07
56.13
93.06
80.06
41.60
9.65
36.34
63.03
43.07
87.33
24.52
28.69
60.39
25.55
75.10
25.97
35.11
10.37
48.48
6.39
81.81
50.83
11.79
24.21
87.99
1.22
52.75
40.02
4.93
74.42
42.29
88.11
74.01
21.87
78.02
21.45
71.02
77.27
80.46
17.78
84.67
25.74
11.35
61.56
83.66
50.27
7.29
59.90
46.56
74.88
57.66
8.55
50.12
11.56
4.76
66.45
11.50
15.13
64.92
45.52
12.57
10.27
3.93
9.69
54.10
18.80
33.19
73.09
71.13
23.86
9.54
24.23
18.07
68.11
26.37
11.18
74.50
57.78
61.54
67.01
20.39
82.48
92.58
72.31
52.36
54.51
14.76
27.92
41.37
56.92
50.47
1.12
26.53
83.92
19.57
78.75
99.48
48.07
15.04
39.84
31.67
47.20
54.46
66.88
37.50
73.53
21.31
66.90
17.75
2.68
23.99
74.37
69.94
7.96
12.21
9.87
91.99
90.19
25.96
32.37
69.27
45.94
49.43
5.44
74.97
41.75
40.56
67.08
22.72
4.79
57.70
17.84
54.49
21.11
33.41
45.77
49.32
75.44
3.37
40.54
60.97
22.20
89.05
94.36
42.60
88.88
70.28
16.96
87.62
42.02
13.53
66.83
60.78
40.15
9.65
82.62
16.16
4.04
20.66
51.46
61.85
7.23
5.09
48.32
42.47
87.65
87.04
88.16
27.30
42.29
7.93
55.36
58.95
21.96
92.10
88.37
88.59
45.70
78.52
32.05
46.83
95.56
14.87
4.35
44.27
16.65
50.22
47.46
87.54
61.36
77.75
37.10
41.36
35.11
69.88
19.28
44.23
54.69
63.70
77.21
23.99
92.87
73.32
23.64
5.54
47.61
38.71
18.60
4.69
54.92
134.11
60.25
85.29
102.65
128.62
67.07
139.28
71.85
115.84
115.88
55.78
68.73
76.04
52.53
37.24
35.39
40.49
47.74
38.62
14.52
49.05
40.49
21.30
39.52
68.02
17.49
9.43
30.27
13.59
11.08
13.11
16.68
47.04
16.49
67.30
49.37
81.96
1.57
52.91
29.84
54.86
68.67
69.85
77.66
82.94
92.17
44.81
69.11
35.76
47.45
46.58
50.62
92.81
41.94
82.19
62.26
31.57
61.90
34.28
44.27
85.64
107.71
97.03
17.81
104.35
115.58
101.79
51.24
90.65
55.02
4.51
90.41
68.38
83.05
36.99
27.43
76.89
30.98
59.55
79.07
38.43
40.26
24.00
80.89
5.01
27.46
21.19
6.64
71.56
60.20
103.68
28.20
49.52
84.62
23.78
46.15
24.90
12.59
49.56
28.06
55.67
55.03
83.84
49.49
46.65
66.62
76.05
1.71
53.11
3.45
67.71
14.87
71.89
26.57
10.11
70.40
12.84
54.44
73.68
63.60
26.92
80.22
46.46
40.48
27.24
31.74
30.54
27.07
17.94
81.61
72.93
75.03
76.06
57.68
14.43
65.95
6.86
3.68
19.24
91.75
92.50
50.48
18.05
103.94
106.93
14.85
42.73
13.50
60.30
36.23
61.13
81.77
72.26
10.86
59.50
26.75
71.21
20.66
31.88
75.91
18.14
20.36
44.24
25.45
59.03
66.25
8.61
31.83
59.41
79.99
37.96
69.96
100.83
27.56
27.19
63.11
19.87
37.51
50.63
95.25
43.36
15.51
77.82
14.47
3.91
72.60
36.45
41.67
30.63
5.31
66.02
104.45
67.89
27.82
74.06
21.25
54.04
27.25
107.16
17.12
29.52
74.74
35.80
52.38
52.39
59.35
61.68
70.31
39.81
10.70
51.73
84.49
53.53
47.97
59.02
63.63
95.17
70.51
13.91
91.40
