12.67
52.81
81.93
82.26
14.35
21.27
47.08
46.55
15.19
23.54
22.23
70.69
84.00
51.44
18.21
42.85
86.32
14.50
3.47
84.77
89.92
36.59
7.07
34.07
7.87
65.82
50.04
22.68
62.47
59.82
48.22
100.41
47.47
82.36
52.74
1.99
35.43
45.46
76.36
31.72
83.30
20.05
28.15
49.58
79.08
76.14
11.80
54.80
44.26
8.57
8.91
37.19
2.37
78.34
3.27
18.81
7.10
19.97
36.88
26.19
61.58
16.36
10.03
66.39
91.53
1.79
85.08
23.44
36.09
47.35
91.60
41.80
92.42
51.24
74.87
30.80
17.09
11.54
21.43
75.22
20.24
57.03
63.45
85.93
51.50
70.77
78.17
32.62
65.14
55.43
70.41
5.67
45.25
71.87
3.81
48.61
65.91
70.96
66.64
57.38
7.60
89.13
6.85
54.90
70.63
37.34
49.43
15.26
67.98
77.14
74.30
55.42
67.71
74.11
3.28
25.65
1.92
70.17
21.47
56.89
12.98
4.91
97.66
80.52
40.29
85.89
95.90
95.68
91.63
38.29
49.93
80.20
23.86
70.43
66.08
17.58
21.77
45.16
9.30
41.14
26.94
59.25
41.80
33.32
67.62
47.27
15.24
45.11
20.27
15.05
98.01
71.35
52.83
58.77
9.31
54.95
70.45
63.66
58.93
27.90
17.12
43.34
76.46
77.59
58.18
14.67
55.95
16.21
53.06
22.49
91.15
73.59
15.25
89.22
70.36
28.74
32.89
94.63
33.46
27.66
61.99
77.01
92.90
71.95
59.18
92.17
23.83
19.39
11.80
26.47
4.33
85.06
80.98
11.11
38.50
38.96
9.32
37.76
25.72
9.28
81.10
39.61
71.45
35.57
62.33
62.52
40.23
1.70
71.63
13.60
53.06
39.40
61.02
85.84
43.48
47.89
69.49
5.84
53.23
62.55
5.60
37.46
76.11
75.08
69.37
75.21
61.76
61.36
65.07
78.35
97.06
95.76
5.74
23.37
48.97
64.84
53.99
14.21
30.19
48.62
2.64
12.85
68.51
86.71
21.77
86.36
2.82
41.59
75.61
12.94
37.93
29.61
37.26
27.43
77.53
83.64
45.68
11.97
46.45
17.79
73.81
3.56
60.51
24.85
87.23
85.18
12.99
67.94
36.94
42.72
54.75
57.76
41.25
49.88
87.23
27.85
32.25
35.79
11.10
24.46
96.28
36.04
108.18
103.83
40.36
59.10
40.98
24.63
30.99
34.66
4.23
47.19
54.92
61.91
39.38
20.97
84.65
28.60
61.26
26.25
61.49
90.47
23.90
82.52
47.60
28.82
41.41
80.20
68.73
55.31
88.94
14.29
8.43
74.41
48.75
75.32
51.96
83.80
3.51
13.55
26.14
99.63
96.59
32.08
73.95
5.29
55.56
68.53
66.20
35.86
93.79
84.03
93.28
16.57
16.49
70.77
65.78
27.52
33.77
85.37
75.19
132.05
124.08
90.08
74.27
83.79
72.30
99.88
101.65
61.60
94.15
29.30
12.52
84.24
58.80
37.25
7.03
64.85
27.66
13.37
89.00
50.29
66.34
28.03
39.47
46.99
33.77
36.64
36.81
24.72
58.42
89.45
47.93
59.56
54.75
76.25
62.14
36.10
79.39
2.23
65.01
56.09
31.41
4.64
56.85
41.10
85.93
35.29
41.99
61.30
40.15
25.25
65.56
37.71
5.95
46.41
25.87
32.26
69.86
88.63
75.54
82.58
48.05
63.84
1.83
19.78
76.60
42.62
81.55
64.72
50.56
51.89
54.76
5.73
24.21
61.17
38.58
10.76
31.19
12.97
87.59
9.69
14.66
32.55
13.27
42.19
37.53
83.89
44.76
39.85
2.02
29.69
23.94
63.87
66.72
69.68
9.25
59.57
72.55
63.74
28.85
35.41
11.34
30.20
97.39
11.91
65.11
53.36
4.52
52.65
47.99
51.49
52.56
60.30
46.54
9.23
32.73
56.34
6.21
95.45
13.14
15.79
16.65
40.23
13.01
6.03
77.23
3.74
28.51
77.85
48.49
95.96
92.93
94.71
88.72
89.48
101.91
9.08
25.42
102.68
25.34
75.92
7.57
73.52
82.37
33.30
25.09
45.17
4.84
5.86
50.50
70.34
56.74
49.46
36.87
12.61
35.35
16.37
77.07
7.09
27.61
92.63
50.48
49.81
52.72
4.87
86.46
71.52
57.39
98.92
30.06
109.55
44.01
105.71
28.04
28.94
119.93
100.63
94.98
37.57
64.43
16.12
14.79
8.86
7.80
79.39
27.68
13.88
68.63
33.73
42.82
92.34
65.26
102.33
82.78
45.86
78.11
61.31
32.90
35.67
25.62
117.88
68.33
32.05
103.88
66.03
41.09
57.19
29.26
65.45
40.44
86.80
98.33
91.51
65.75
6.75
86.80
72.44
63.77
41.36
39.84
48.19
61.72
60.05
97.84
69.74
22.88
82.29
108.12
113.08
48.98
88.53
44.67
86.84
53.98
82.18
54.60
22.64
8.11
19.30
91.39
90.33
35.27
52.10
37.72
50.91
93.43
36.44
60.81
36.00
69.84
47.15
32.39
84.98
87.79
25.47
81.56
33.82
39.29
103.68
65.19
58.10
23.72
101.07
70.18
40.56
108.21
28.74
76.90
69.08
61.53
61.64
46.09
4.55
94.42
64.48
19.33
41.73
14.85
47.01
12.87
29.05
5.45
39.87
85.26
58.27
6.65
27.76
66.81
25.31
35.08
71.73
105.78
78.10
25.46
104.56
54.10
33.71
58.09
6.35
54.27
5.95
79.82
12.61
64.47
48.22
66.94
18.10
45.80
66.80
60.13
25.21
92.75
52.62
45.10
62.30
34.63
33.60
49.71
84.28
36.27
8.15
15.25
91.62
54.84
39.70
27.27
62.35
26.32
26.89
109.64
70.49
124.47
107.57
58.41
92.32
123.41
93.42
40.80
136.95
101.82
39.02
51.46
63.29
73.96
87.64
52.44
23.31
107.90
29.91
59.99
45.39
41.93
45.84
101.12
31.33
18.21
106.47
78.97
80.14
8.50
41.56
61.37
25.61
74.07
79.47
75.02
47.64
27.31
56.18
57.97
87.00
13.73
64.18
44.14
75.67
5.95
22.71
87.04
57.43
90.51
33.95
38.61
10.65
50.39
83.34
83.25
5.44
8.30
65.15
48.75
36.55
9.55
28.93
2.37
25.50
39.31
53.49
3.06
31.46
86.97
131.97
135.52
136.32
87.95
83.92
141.46
146.82
135.76
119.65
78.00
28.34
78.20
34.26
49.61
42.09
32.24
34.42
67.02
48.61
73.12
68.03
38.92
2.89
10.23
76.30
38.03
73.00
63.25
56.41
40.71
2.66
25.42
49.31
12.19
61.35
45.03
24.96
52.05
46.30
19.37
82.63
38.54
30.82
21.65
37.73
23.99
35.05
77.78
7.38
26.69
21.38
25.54
10.28
38.86
62.88
59.97
62.43
5.11
24.11
60.27
59.31
3.57
22.42
11.61
30.38
53.42
63.17
64.79
94.53
102.54
78.85
64.79
94.82
93.06
55.45
30.37
59.08
19.67
83.56
26.01
95.03
94.85
102.79
40.92
38.24
37.25
50.05
85.01
31.26
65.18
63.88
67.98
37.42
20.73
63.37
21.99
56.91
4.48
26.88
39.67
14.06
57.77
37.79
7.35
6.18
46.54
11.72
11.97
17.83
21.89
41.14
7.32
38.91
36.88
77.24
80.10
11.83
72.21
63.49
3.87
82.23
64.50
79.44
35.44
14.49
46.85
21.82
34.88
11.16
44.36
18.70
20.74
21.82
61.98
64.42
31.86
69.13
49.77
33.01
39.24
31.25
47.28
14.37
17.24
11.46
89.57
16.29
90.69
39.87
81.48
102.40
54.18
65.40
32.64
26.51
68.27
30.70
106.70
48.89
63.95
61.65
26.32
10.86
44.43
33.44
50.37
21.72
85.28
62.86
39.20
58.97
111.27
22.51
98.65
23.15
93.48
19.40
23.85
71.14
60.20
16.40
5.77
79.84
38.88
4.69
70.71
60.47
33.81
80.45
44.27
19.41
7.73
31.02
19.17
63.87
23.27
74.14
64.60
6.46
69.02
17.30
43.07
90.96
62.16
88.28
7.22
51.93
93.59
64.88
102.46
104.27
62.70
67.73
37.50
67.38
83.08
56.16
24.70
35.00
45.46
35.20
68.12
62.65
79.98
64.25
23.59
24.61
29.10
67.93
42.32
49.75
55.67
1.68
40.56
76.08
66.01
22.81
48.68
34.02
54.52
49.30
54.01
9.46
29.51
30.80
31.29
73.11
23.20
50.54
74.49
105.32
23.17
68.10
17.85
51.78
22.98
88.11
76.89
85.14
33.09
28.68
42.95
43.86
63.03
77.83
55.83
15.92
8.25
37.45
69.64
2.67
86.99
14.39
1.64
90.93
85.58
70.22
78.75
53.02
50.62
8.92
76.21
65.46
82.35
67.13
38.25
3.25
66.43
65.29
67.86
18.35
84.92
76.63
12.01
14.49
92.80
74.90
73.45
7.82
36.03
35.55
95.37
78.96
42.47
2.98
12.52
38.39
69.56
70.34
30.15
47.79
45.14
76.01
80.73
71.75
34.94
46.80
11.60
68.10
86.90
81.83
3.03
58.68
18.01
58.87
20.52
30.02
66.09
48.96
49.86
36.56
90.36
50.51
67.45
76.45
12.98
3.04
34.00
11.38
29.22
51.17
83.92
55.41
67.38
22.17
51.73
62.66
74.44
51.00
36.61
33.75
27.36
26.19
23.02
61.80
56.03
60.01
27.15
34.24
14.88
74.89
9.67
18.32
83.66
56.07
10.07
2.42
86.34
25.19
19.20
45.71
9.98
86.00
12.78
75.97
29.63
52.83
11.16
30.87
28.36
16.05
70.00
4.78
37.13
82.92
21.02
21.45
52.18
14.20
96.66
29.50
28.40
33.73
24.10
5.25
61.12
61.46
81.46
90.32
94.72
31.18
77.06
96.67
59.23
109.83
126.87
104.01
75.64
46.47
33.05
54.59
42.15
77.49
29.98
88.96
59.87
108.21
20.54
92.62
10.22
49.04
40.26
38.89
21.18
88.51
23.55
21.56
3.45
39.38
78.31
68.41
62.50
8.62
76.30
32.51
84.25
67.25
62.16
14.80
35.24
34.46
65.77
14.67
83.66
48.94
87.64
89.15
32.42
86.93
18.33
75.52
98.70
76.24
95.19
17.47
65.38
70.34
107.16
89.66
45.22
1.57
47.43
9.60
18.89
1.60
88.98
16.29
65.47
45.91
74.28
43.84
41.52
56.29
67.72
105.70
103.40
21.56
66.87
32.96
84.87
28.17
28.32
63.36
34.24
72.91
62.87
16.07
1.38
39.78
78.27
60.71
31.89
65.31
62.25
44.10
43.18
32.43
61.64
45.97
59.09
2.40
94.37
33.22
13.85
72.64
28.10
41.40
89.24
5.76
66.41
94.51
69.05
53.50
59.06
48.56
51.08
94.52
32.96
57.28
22.40
31.89
15.59
56.70
80.28
73.64
38.32
11.16
35.88
18.73
29.93
94.89
35.82
63.67
25.26
72.05
55.52
55.47
77.96
84.79
20.84
9.32
17.51
69.83
9.37
50.23
62.19
67.42
7.49
28.44
12.38
69.60
57.38
33.66
20.41
81.46
19.47
54.18
47.67
49.44
44.80
39.11
63.15
50.29
4.96
57.50
37.38
79.41
38.87
32.35
62.24
52.02
37.72
50.87
49.35
21.15
55.01
41.51
30.04
36.85
27.81
84.92
76.55
65.58
113.26
99.96
114.35
107.96
58.19
86.56
34.95
31.56
49.98
62.86
46.95
61.33
63.17
65.01
13.45
69.14
84.47
87.04
86.17
35.75
44.45
69.63
31.34
69.14
49.76
77.71
77.04
46.98
75.49
53.68
57.37
63.31
25.44
19.02
42.46
62.16
48.97
59.22
44.37
67.59
43.36
6.87
70.23
14.74
26.64
1.52
36.08
8.45
13.01
27.90
3.19
24.14
22.71
39.35
18.21
6.70
7.31
73.50
78.83
57.09
5.94
10.22
85.81
39.78
22.18
71.15
94.85
66.17
101.02
33.99
59.14
80.30
26.98
7.73
83.31
39.41
18.77
80.64
16.80
75.44
71.25
33.67
49.46
4.80
32.34
85.03
72.29
37.39
63.02
57.30
86.60
46.16
15.67
64.70
32.23
14.14
29.92
4.58
30.54
101.59
26.58
36.44
50.42
92.39
84.48
19.52
47.39
59.01
85.25
65.08
67.85
69.21
72.13
83.84
53.70
25.81
34.84
19.77
79.17
77.36
76.85
13.58
26.03
6.89
49.46
58.90
6.91
51.97
61.27
49.45
29.62
17.92
3.74
20.36
43.59
39.24
18.20
37.74
86.90
9.15
53.45
35.56
56.96
39.31
57.42
75.24
24.16
62.76
24.80
62.07
49.69
68.18
68.22
81.74
2.66
77.17
67.05
89.42
9.11
40.68
61.09
44.21
61.70
30.40
45.03
33.58
20.85
53.55
43.46
48.05
4.08
38.25
21.56
71.10
83.94
76.82
52.75
35.62
48.61
69.65
22.23
84.62
5.39
17.43
73.66
69.42
52.73
85.44
73.93
55.11
61.46
82.53
19.91
56.29
5.84
81.69
78.23
21.98
57.21
7.87
28.60
55.92
15.11
82.97
30.30
33.56
12.56
46.72
27.07
39.99
90.70
62.64
78.12
55.33
89.91
87.50
92.25
82.27
54.63
20.67
50.77
13.58
69.80
58.10
71.30
45.78
12.77
43.34
67.80
64.37
12.14
19.91
73.22
7.61
39.43
14.93
78.54
60.37
9.56
14.78
12.30
65.92
17.31
3.73
65.27
4.84
99.30
71.22
79.80
35.13
29.76
87.12
69.19
30.95
9.99
28.81
63.01
56.58
16.18
104.45
102.42
31.03
56.48
6.91
78.95
66.26
26.65
51.54
34.34
35.41
10.17
29.95
43.79
48.52
34.58
23.19
95.13
92.71
23.81
19.74
48.80
13.46
32.61
10.07
30.28
49.26
16.25
59.77
1.74
49.26
36.62
65.62
29.37
35.65
19.93
37.84
63.00
47.87
23.32
77.13
20.43
37.63
69.60
78.68
78.59
28.14
25.75
42.07
69.22
15.90
84.92
19.19
27.36
79.36
48.68
54.81
10.04
8.42
44.12
39.84
80.70
64.44
50.12
84.33
31.89
74.82
51.83
36.41
97.72
87.83
44.91
98.33
53.50
10.46
55.54
87.25
41.15
73.25
4.09
76.92
9.97
30.92
33.24
53.75
84.57
57.45
73.27
90.06
56.32
28.71
58.31
90.22
72.76
75.86
62.79
84.07
28.86
44.29
37.19
19.51
10.37
68.36
36.06
39.57
63.58
49.34
63.96
60.02
3.20
85.90
75.42
14.35
48.85
16.46
28.23
68.17
12.89
40.68
91.85
85.72
94.09
48.60
5.10
30.73
29.95
29.26
61.78
35.27
78.47
58.01
82.25
24.25
87.99
35.00
12.08
55.48
40.30
31.33
36.97
75.49
75.05
69.58
57.44
84.18
64.75
47.00
20.13
86.81
20.08
31.93
68.96
5.88
13.69
41.13
72.26
81.27
16.81
8.74
30.13
85.77
9.54
20.10
43.57
89.21
43.51
3.65
62.06
79.46
36.35
22.61
76.56
45.76
44.32
71.82
35.60
78.16
95.01
98.37
37.16
89.31
66.79
46.31
71.40
41.93
70.37
30.46
15.14
78.05
45.26
58.57
10.71
84.29
19.28
60.58
71.48
92.98
14.63
42.38
50.09
47.72
62.82
60.47
31.89
10.53
77.80
46.72
17.47
9.97
53.78
9.75
68.18
24.57
75.57
69.59
7.13
83.06
88.15
54.83
82.26
44.52
58.65
38.16
52.22
63.02
75.70
53.44
44.08
33.36
24.06
23.10
56.64
47.14
58.40
43.91
20.70
94.63
28.76
40.57
72.35
83.41
41.73
42.38
56.61
58.61
4.53
38.97
8.36
27.29
97.64
11.19
77.57
53.36
37.52
62.87
82.13
14.29
40.02
64.39
52.09
40.20
54.63
54.07
76.94
98.56
100.22
80.89
129.32
104.72
118.74
68.54
71.17
109.61
138.88
51.21
63.43
134.10
33.59
75.37
104.37
38.27
66.64
45.39
80.67
38.62
95.20
63.34
3.16
44.54
67.42
59.03
30.97
50.59
83.64
17.46
76.54
77.13
54.84
107.81
124.19
75.53
36.60
122.67
60.90
61.32
99.87
32.78
52.79
58.95
80.84
14.32
49.43
46.99
16.09
77.26
49.65
37.29
16.74
38.02
70.96
47.78
50.43
63.51
32.77
71.87
37.19
40.15
81.32
55.41
3.71
25.77
8.04
32.83
28.46
62.83
68.74
82.82
115.47
87.88
132.63
135.18
134.89
118.14
144.78
47.23
101.81
54.16
30.49
68.23
84.22
43.12
47.22
93.43
28.86
106.06
71.25
26.27
44.53
21.46
118.00
45.66
94.51
88.23
59.30
78.08
34.61
93.23
70.55
5.27
72.48
77.30
91.81
66.89
53.46
39.84
21.19
5.52
81.64
98.25
53.97
64.90
52.87
82.86
45.43
31.79
75.74
21.96
13.12
18.32
100.59
63.69
101.53
37.46
37.86
77.20
63.17
43.80
99.38
93.05
108.23
33.63
114.07
30.98
58.63
71.28
29.45
54.29
91.55
70.93
11.40
90.65
7.26
65.34
5.32
59.28
42.43
41.13
73.51
66.03
88.23
59.39
79.80
60.96
51.33
48.24
67.93
64.49
73.70
34.76
98.63
19.42
20.94
15.76
100.47
16.19
37.01
38.88
46.75
82.60
20.18
31.10
7.17
58.01
19.10
52.72
44.53
61.60
76.92
47.91
77.76
44.54
13.32
81.07
16.46
7.04
95.51
44.00
66.58
2.46
21.27
27.78
82.59
20.69
28.56
79.54
36.92
2.24
17.80
66.99
67.63
38.44
52.34
95.91
44.69
56.46
86.74
94.99
27.88
88.97
38.22
72.84
27.15
11.50
30.56
64.70
8.78
96.74
67.66
27.72
75.85
26.75
18.78
14.21
26.55
53.22
33.81
43.98
56.02
26.92
65.09
72.31
53.33
68.35
50.96
43.11
65.83
51.77
48.99
80.90
89.68
53.32
96.86
41.25
79.23
87.80
22.03
64.89
