0 45.37 1.28746e+08
0 44.93 1.18378e+08
0 44.93 1.11541e+08
0 43.26 1.06454e+08
0 43.26 1.01706e+08
0 43.26 9.66575e+07
0 42.73 9.56643e+07
0 42.73 9.48553e+07
0 42.73 9.57454e+07
0 42.73 9.40982e+07
0 42.73 9.67775e+07
0 42.73 9.96455e+07
0 42.73 1.0409e+08
0 43.12 1.17105e+08
0 46.45 1.33498e+08
0 46.45 1.51146e+08
0 46.45 1.6341e+08
0 46.45 1.69508e+08
1 54.98 1.2542e+08
1 54.55 1.18133e+08
1 54.55 1.11779e+08
1 54.55 1.06644e+08
1 54.1 1.01559e+08
1 53.86 9.90071e+07
1 53.86 9.508e+07
1 53.86 9.35833e+07
1 53.86 9.21354e+07
1 53.86 9.3145e+07
1 53.86 9.46372e+07
1 53.86 9.96241e+07
1 45.16 1.04388e+08
1 45.16 1.19039e+08
1 46.25 1.35506e+08
1 48.22 1.56306e+08
1 48.22 1.66797e+08
1 47.6 1.73035e+08
2 50.96 1.42738e+08
2 50.42 1.33358e+08
2 50.09 1.26542e+08
2 50.09 1.1989e+08
2 50.09 1.1323e+08
2 7.44 1.06901e+08
2 7.44 1.03463e+08
2 50.09 1.01883e+08
2 50.09 1.01438e+08
2 50.09 1.00073e+08
2 50.42 1.00144e+08
2 50.42 1.0057e+08
2 40.78 1.02973e+08
2 41.23 1.06553e+08
2 42.51 1.1412e+08
2 42.51 1.18977e+08
2 42.98 1.21265e+08
2 42.98 1.30119e+08
3 45.18 1.23231e+08
3 45.18 1.16201e+08
3 44.86 1.08872e+08
3 44.75 1.03159e+08
3 44.75 1.01455e+08
3 44.37 9.79112e+07
3 44.37 9.38287e+07
3 44.37 9.29036e+07
3 44.37 9.0445e+07
3 44.24 8.95556e+07
3 44.24 8.96706e+07
3 43.99 8.82404e+07
3 44.03 8.84863e+07
3 44.27 9.00885e+07
3 44.27 9.23087e+07
3 44.27 9.73035e+07
3 44.27 9.84938e+07
3 44.14 1.05248e+08
4 47.45 1.34243e+08
4 47.24 1.24933e+08
4 47.2 1.16915e+08
4 47.2 1.10575e+08
4 46.65 1.05564e+08
4 46.2 1.00318e+08
4 46.2 9.88273e+07
4 46.2 9.76839e+07
4 46.2 9.78662e+07
4 46.2 9.71723e+07
4 46.48 9.89925e+07
4 47.2 1.04264e+08
4 46.64 1.12259e+08
4 46.64 1.25986e+08
4 47.63 1.42177e+08
4 50.17 1.64065e+08
4 51.17 1.72693e+08
4 51.02 1.78457e+08
5 52.58 1.46896e+08
5 52.58 1.35914e+08
5 52.17 1.29102e+08
5 52.17 1.22587e+08
5 52.17 1.17525e+08
5 52.17 1.13267e+08
5 52.17 1.09842e+08
5 52.17 1.11367e+08
5 52.17 1.12477e+08
5 52.17 1.11927e+08
5 52.17 1.12388e+08
5 52.58 1.11961e+08
5 42.76 1.13796e+08
5 43.2 1.26334e+08
5 45.38 1.44559e+08
5 47.84 1.64708e+08
5 48.75 1.77079e+08
5 48.75 1.79293e+08
6 45.16 1.49796e+08
6 44.49 1.42579e+08
6 43.53 1.37422e+08
6 42.84 1.33003e+08
6 42.84 1.30483e+08
6 42.84 1.2746e+08
6 28.15 1.26696e+08
6 28.15 1.24735e+08
6 28.15 1.24754e+08
6 28.15 1.23596e+08
6 28.15 1.30978e+08
6 28.15 1.35224e+08
6 40.47 1.32629e+08
6 44.49 1.46217e+08
6 45.23 1.66026e+08
6 44.75 1.85781e+08
6 46.04 2.04808e+08
6 46.04 2.04784e+08
7 44.96 1.56993e+08
7 44.96 1.46199e+08
7 44.54 1.36328e+08
7 43.48 1.28876e+08
7 41.72 1.22188e+08
7 41.56 1.19092e+08
7 40.69 1.19801e+08
7 40.69 1.18013e+08
7 25.99 1.13952e+08
7 25.99 1.15266e+08
7 25.99 1.12436e+08
7 25.99 1.14324e+08
7 25.53 1.16704e+08
7 25.53 1.22515e+08
7 25.53 1.28802e+08
7 39.78 1.39344e+08
7 40.21 1.46178e+08
7 40.9 1.49589e+08
8 40.29 1.48179e+08
8 39.76 1.42118e+08
8 39.76 1.34874e+08
8 26.98 1.27984e+08
8 26.98 1.21528e+08
8 26.98 1.16576e+08
8 26.98 1.12852e+08
8 26.98 1.09437e+08
8 26.98 1.07693e+08
8 26.98 1.0411e+08
8 26.98 1.01696e+08
8 26.98 1.01615e+08
8 27.24 1.01495e+08
8 27.24 1.05601e+08
8 27.24 1.06921e+08
8 27.24 1.09892e+08
8 27.24 1.05871e+08
8 27.24 1.08137e+08
9 44.1 1.61329e+08
9 39.76 1.52057e+08
9 39.76 1.45401e+08
9 39.36 1.36043e+08
9 39.36 1.28888e+08
9 27.24 1.2238e+08
9 27.24 1.18443e+08
9 27.24 1.14679e+08
9 27.24 1.11801e+08
9 27.24 1.08363e+08
9 27.24 1.04048e+08
9 27.24 1.07091e+08
9 27.24 1.06013e+08
9 27.24 1.12792e+08
9 39.56 1.16948e+08
9 39.56 1.22493e+08
9 40.17 1.26761e+08
9 40.17 1.27785e+08
10 52.8 1.57774e+08
10 52.54 1.47843e+08
10 52.54 1.40452e+08
10 38.38 1.33807e+08
10 38.38 1.26583e+08
10 38.38 1.21878e+08
10 38.38 1.18599e+08
10 38.38 1.16697e+08
10 38.38 1.15149e+08
10 38.38 1.12986e+08
10 52.54 1.12267e+08
10 52.54 1.15922e+08
10 68.29 1.18731e+08
10 68.29 1.2782e+08
10 71.05 1.46087e+08
10 72.51 1.55154e+08
10 73.51 1.64897e+08
10 71.14 1.6881e+08
11 40.08 1.47866e+08
11 40.02 1.40113e+08
11 39.95 1.32384e+08
11 39.29 1.26091e+08
11 39.29 1.22117e+08
11 37.47 1.17941e+08
11 32.04 1.15978e+08
11 24.94 1.15862e+08
11 24.94 1.1594e+08
11 24.94 1.15589e+08
11 24.94 1.16407e+08
11 24.94 1.18901e+08
11 39.02 1.25646e+08
11 39.13 1.37061e+08
11 41.77 1.52859e+08
11 42.35 1.74634e+08
11 44.01 1.88492e+08
11 42.35 1.92125e+08
12 39.48 1.45753e+08
12 38.82 1.40948e+08
12 39.48 1.36908e+08
12 38.82 1.31818e+08
12 38.82 1.26828e+08
12 35.9 1.21486e+08
12 29.87 1.16776e+08
12 25.59 1.1187e+08
12 25.59 1.1107e+08
12 25.59 1.10005e+08
12 25.59 1.10822e+08
12 25.59 1.09902e+08
12 24.74 1.06421e+08
12 24.74 1.09805e+08
12 24.74 1.13034e+08
12 38.38 1.17799e+08
12 38.38 1.21725e+08
12 39.35 1.23898e+08
13 75.79 1.32914e+08
13 75.42 1.24989e+08
13 75.42 1.18507e+08
13 75.25 1.11887e+08
13 68.28 1.06071e+08
13 60.81 1.03204e+08
13 66 1.00623e+08
13 66 9.92493e+07
13 66 9.98931e+07
13 66 1.00429e+08
13 66 1.02953e+08
13 75.25 1.06231e+08
13 39.46 1.1223e+08
13 40.16 1.24312e+08
13 41.89 1.39916e+08
13 44.13 1.63074e+08
13 49.11 1.72783e+08
13 47.91 1.77752e+08
14 41.42 1.41516e+08
14 40.2 1.38123e+08
14 40.04 1.315e+08
14 39.32 1.26347e+08
14 39.32 1.20293e+08
14 39.32 1.179e+08
14 39.32 1.1455e+08
14 24.83 1.13909e+08
14 39.32 1.14925e+08
14 39.32 1.14716e+08
14 39.32 1.15497e+08
14 39.32 1.20442e+08
14 39.78 1.28104e+08
14 40.2 1.41239e+08
14 41.49 1.57038e+08
14 45.01 1.77644e+08
14 45.2 1.89193e+08
14 45.2 1.90494e+08
15 44.76 1.3846e+08
15 43.35 1.32172e+08
15 43.27 1.24816e+08
15 43.27 1.18259e+08
15 43.23 1.12531e+08
15 42.47 1.04929e+08
15 42.47 1.03031e+08
15 42.47 1.00295e+08
15 42.47 1.00035e+08
15 42.47 9.65405e+07
15 42.47 9.52436e+07
15 42.47 9.37528e+07
15 40.71 9.33496e+07
15 41.2 9.56091e+07
15 41.2 9.74245e+07
15 41.2 1.01653e+08
15 41.2 1.04979e+08
15 41.2 1.05297e+08
16 83.73 1.44659e+08
16 82.4 1.35791e+08
16 82.4 1.29636e+08
16 82.4 1.22313e+08
16 82 1.16454e+08
16 82 1.10343e+08
16 82 1.05268e+08
16 82 1.03168e+08
16 82 1.0159e+08
16 82 9.90601e+07
16 82 9.77736e+07
16 82 9.77892e+07
16 42.17 9.80272e+07
16 42.17 9.90926e+07
16 42.57 9.96652e+07
16 42.57 1.02821e+08
16 42.57 1.04536e+08
16 43.15 1.07604e+08
17 52.85 1.42652e+08
17 52.57 1.33322e+08
17 52.57 1.25777e+08
17 43.15 1.21719e+08
17 42.57 1.17127e+08
17 42.57 1.14822e+08
17 42.57 1.11705e+08
17 42.57 1.10434e+08
17 42.57 1.10508e+08
17 42.57 1.09397e+08
17 42.57 1.08966e+08
17 41.95 1.1126e+08
17 45.91 1.19283e+08
17 59.19 1.32563e+08
17 61.19 1.51535e+08
17 63.75 1.71647e+08
17 63.75 1.84321e+08
17 63.75 1.85433e+08
18 54.48 1.29431e+08
18 53.79 1.20311e+08
18 53.79 1.15528e+08
18 42.06 1.11204e+08
18 41.62 1.09068e+08
18 41.23 1.07041e+08
18 41.23 1.05497e+08
18 41.23 1.03369e+08
18 41.23 1.03558e+08
18 41.23 1.05091e+08
18 35.79 1.05701e+08
18 35.79 1.09571e+08
18 47.96 1.16349e+08
18 47.95 1.29446e+08
18 56.18 1.46379e+08
18 59.28 1.6945e+08
18 59.94 1.78042e+08
18 62.14 1.82376e+08
19 45.11 1.42963e+08
19 45.11 1.35606e+08
19 43.28 1.2981e+08
19 42.64 1.25363e+08
19 42.81 1.2039e+08
19 42.64 1.11844e+08
19 42.64 1.0717e+08
19 42.64 1.04138e+08
19 42.64 1.03951e+08
19 42.64 1.03048e+08
19 42.64 1.05719e+08
19 42.64 1.0664e+08
19 42.37 9.97763e+07
19 42.37 1.01801e+08
19 42.85 1.04542e+08
19 42.85 1.05257e+08
19 42.85 1.04019e+08
19 42.85 1.10734e+08
20 42.13 1.50245e+08
20 37.84 1.41636e+08
20 27.29 1.33316e+08
20 27.29 1.26139e+08
20 27.29 1.21806e+08
20 24.02 1.17297e+08
20 27.29 1.15318e+08
20 36.03 1.13865e+08
20 36.03 1.13613e+08
20 36.03 1.12679e+08
20 42.13 1.13311e+08
20 42.13 1.15647e+08
20 43.81 1.22953e+08
20 47.09 1.34816e+08
20 51.64 1.50359e+08
20 52.09 1.66831e+08
20 52.07 1.76386e+08
20 52.07 1.80303e+08
21 46.66 1.34708e+08
21 46.66 1.28236e+08
21 46.23 1.23394e+08
21 45.68 1.1784e+08
21 45.68 1.12284e+08
21 45.68 1.08543e+08
21 45.68 1.03983e+08
21 45.68 1.03795e+08
21 45.68 1.04403e+08
21 44.09 1.0414e+08
21 45.68 1.04182e+08
21 45.68 1.08749e+08
21 45.93 1.08586e+08
21 45.93 1.20402e+08
21 48.06 1.33028e+08
21 50.16 1.54198e+08
21 50.64 1.68174e+08
21 50.16 1.73456e+08
22 43.07 1.43037e+08
22 42.11 1.36009e+08
22 39.07 1.27186e+08
22 39.07 1.21526e+08
22 29.88 1.14509e+08
22 29.88 1.11529e+08
22 29.88 1.09143e+08
22 29.88 1.08922e+08
22 29.88 1.07402e+08
22 37 1.06413e+08
22 29.88 1.07797e+08
22 39.93 1.10781e+08
22 45.08 1.13931e+08
22 47.33 1.22545e+08
22 47.81 1.34918e+08
22 49.22 1.48045e+08
22 49.22 1.61335e+08
22 129.06 1.68946e+08
23 47.22 1.32235e+08
23 47.22 1.23413e+08
23 47.11 1.15297e+08
23 46.8 1.09616e+08
23 46.8 1.05138e+08
23 46.8 1.024e+08
23 46.8 1.01632e+08
23 46.8 9.9615e+07
23 46.8 1.00741e+08
23 46.8 9.90871e+07
23 47.11 1.00858e+08
23 47.22 1.03672e+08
23 49.12 1.04701e+08
23 49.83 1.13429e+08
23 53.42 1.27496e+08
23 54.29 1.45956e+08
23 54.29 1.59639e+08
23 54.29 1.66102e+08
24 70.4 1.06485e+08
24 70.4 1.04184e+08
24 70.4 9.80849e+07
24 68.6 9.43498e+07
24 66.77 9.035e+07
24 66.77 8.69253e+07
24 66.77 8.56148e+07
24 66.77 8.61016e+07
24 66.77 8.52842e+07
24 66.77 8.61717e+07
24 70.27 8.71372e+07
24 66.77 9.07343e+07
24 47.37 9.3356e+07
24 47.37 1.04933e+08
24 47.84 1.21737e+08
24 48.4 1.36828e+08
24 52.61 1.53613e+08
24 77.05 1.65255e+08
25 53.33 1.238e+08
25 52.13 1.17023e+08
25 52.13 1.09727e+08
25 52.13 1.06067e+08
25 51.72 1.04357e+08
25 51.72 1.03206e+08
25 38.81 1.01085e+08
25 38.81 1.00681e+08
25 38.81 1.00699e+08
25 38.81 1.01085e+08
25 38.81 1.03305e+08
25 38.81 1.07165e+08
25 46.46 1.14086e+08
25 46.46 1.19818e+08
25 46.71 1.35338e+08
25 47.11 1.54218e+08
25 61.58 1.67989e+08
25 70.39 1.74705e+08
26 46.77 1.10631e+08
26 46.1 1.07328e+08
26 46.1 1.0094e+08
26 44.52 9.7015e+07
26 43.79 9.46333e+07
26 43.79 9.24423e+07
26 43.79 8.95717e+07
26 43.79 8.81336e+07
26 43.79 8.79006e+07
26 43.79 8.76898e+07
26 43.79 8.88477e+07
26 44.52 8.96802e+07
26 46.19 9.49939e+07
26 46.19 1.05893e+08
26 46.29 1.19626e+08
26 46.7 1.37982e+08
26 47.56 1.54594e+08
26 131.83 1.63637e+08
27 67.27 1.17262e+08
27 66.85 1.16813e+08
27 66.85 1.09221e+08
27 66.85 1.06601e+08
27 62.72 1.04489e+08
27 62.72 1.01963e+08
27 62.72 9.8062e+07
27 62.72 9.64191e+07
27 66.85 9.55595e+07
27 66.85 9.62932e+07
27 66.85 9.80168e+07
27 66.85 9.8067e+07
27 57.41 9.91823e+07
27 57.41 1.06553e+08
27 63.72 1.17922e+08
27 64.24 1.32898e+08
27 65.02 1.47112e+08
27 66.01 1.61015e+08
28 54.52 1.12704e+08
28 53.15 1.10687e+08
28 52.53 1.03024e+08
28 51.6 9.69225e+07
28 50.69 9.20676e+07
28 50.69 8.99493e+07
28 50.27 8.73919e+07
28 50.27 8.62207e+07
28 50.27 8.41861e+07
28 49.78 8.37989e+07
28 51.6 8.18713e+07
28 50.69 7.9986e+07
28 58.1 8.31332e+07
28 58.1 8.31611e+07
28 60.98 8.76754e+07
28 60.98 9.4132e+07
28 61.38 1.06803e+08
28 61.38 1.19723e+08
29 45.19 1.30452e+08
29 45.19 1.2586e+08
29 45.19 1.20402e+08
29 38.19 1.14187e+08
29 38.19 1.09682e+08
29 38.19 1.06338e+08
29 45.19 1.01668e+08
29 20 1.0036e+08
29 13.94 1.01212e+08
29 13.94 1.02776e+08
29 13.94 1.04805e+08
29 38.19 1.09114e+08
29 31.26 1.13456e+08
29 31.26 1.21193e+08
29 48.33 1.3256e+08
29 68.35 1.5321e+08
29 79.94 1.66921e+08
29 79.94 1.77255e+08
30 71.41 1.1812e+08
30 70.8 1.15048e+08
30 70.8 1.07041e+08
30 70.8 1.04178e+08
30 70.8 1.00435e+08
30 70.18 9.69453e+07
30 62.27 9.48903e+07
30 61.71 9.29888e+07
30 61.71 9.1583e+07
30 61.71 9.20393e+07
30 70.18 9.04248e+07
30 70.18 8.96746e+07
30 47.1 9.08386e+07
30 47.1 9.07899e+07
30 47.1 9.54437e+07
30 47.66 1.04514e+08
30 47.66 1.13365e+08
30 49.56 1.29926e+08
31 61.06 1.22105e+08
31 59.12 1.1955e+08
31 59.65 1.1498e+08
31 58.31 1.11521e+08
31 58.85 1.08138e+08
31 59.39 1.05502e+08
31 59.35 1.02634e+08
31 55.8 1.00239e+08
31 53.79 1.01554e+08
31 54.33 1.02365e+08
31 54.87 1.0319e+08
31 55.41 1.05837e+08
31 38.7 1.06579e+08
31 39.44 1.16594e+08
31 47.12 1.31821e+08
31 49.3 1.53834e+08
31 51.95 1.68768e+08
31 51.46 1.77425e+08
32 42.04 1.18683e+08
32 42.04 1.16782e+08
32 42.04 1.09909e+08
32 42.04 1.08649e+08
32 42.04 1.02599e+08
32 42.04 9.91239e+07
32 42.04 9.68183e+07
32 42.04 9.50967e+07
32 42.04 9.59961e+07
32 42.04 9.42919e+07
32 42.04 9.34906e+07
32 42.04 9.60537e+07
32 42.05 9.25538e+07
32 47.15 1.04154e+08
32 64.57 1.21488e+08
32 82.89 1.43735e+08
32 99.87 1.58954e+08
32 86.12 1.7119e+08
33 59.24 1.21003e+08
33 58.85 1.18407e+08
33 58.85 1.11386e+08
33 58.85 1.05821e+08
33 58.85 1.01928e+08
33 58.85 1.00227e+08
33 58.85 9.68098e+07
33 58.85 9.36256e+07
33 58.85 9.2915e+07
33 58.85 9.50091e+07
33 55.8 9.59145e+07
33 48.34 9.607e+07
33 34.89 9.78871e+07
33 51.57 1.09329e+08
33 52.95 1.27422e+08
33 57.33 1.47442e+08
33 58.99 1.62191e+08
33 58.84 1.71164e+08
34 46.68 1.11361e+08
34 44.47 1.10259e+08
34 44.47 1.03483e+08
34 43.28 9.7578e+07
34 43.28 9.32233e+07
34 42.9 8.94668e+07
34 42.9 8.64597e+07
34 42.9 8.51788e+07
34 42.9 8.41483e+07
34 42.9 8.25112e+07
34 42.62 8.27e+07
34 40.23 7.78116e+07
34 42.03 7.64973e+07
34 44.34 7.8593e+07
34 44.34 8.273e+07
34 44.34 8.62918e+07
34 44.72 9.27268e+07
34 44.72 1.03039e+08
35 41.07 1.03343e+08
35 41.07 1.01391e+08
35 38.21 9.60391e+07
35 33.74 9.27676e+07
35 33.74 8.97096e+07
35 33.74 8.82174e+07
35 31.24 8.6588e+07
35 51.26 8.49882e+07
35 31.24 8.61794e+07
35 31.24 8.50469e+07
35 31.24 8.44352e+07
35 31.24 8.44068e+07
35 40.04 9.271e+07
35 44.03 1.00759e+08
35 44.12 1.15632e+08
35 44.5 1.36543e+08
35 46.6 1.49444e+08
35 46.68 1.60299e+08
36 46.05 1.13935e+08
36 45.42 1.08694e+08
36 45.07 1.01157e+08
36 45.07 9.70508e+07
36 45.07 9.37843e+07
36 45.07 9.10745e+07
36 45.07 8.93151e+07
36 45.07 8.77726e+07
36 45.07 8.72823e+07
36 45.07 8.69533e+07
36 45.07 8.6683e+07
36 45.07 8.46495e+07
36 42.87 8.66924e+07
36 44.11 9.7317e+07
36 50.07 1.14764e+08
36 53.74 1.37921e+08
36 50.57 1.55669e+08
36 78.34 1.64749e+08
37 42.98 1.12304e+08
37 42.97 1.03844e+08
37 39.46 9.59718e+07
37 38.78 9.04385e+07
37 38.42 8.6618e+07
37 38.42 8.5744e+07
37 38.42 8.4567e+07
37 38.42 8.45171e+07
37 38.42 8.41813e+07
37 38.42 8.49525e+07
37 38.42 8.58768e+07
37 38.42 8.76169e+07
37 34.78 8.79521e+07
37 39.19 9.84858e+07
37 43.11 1.13319e+08
37 45.11 1.31834e+08
37 47.58 1.46917e+08
37 47.58 1.60119e+08
38 42.81 1.09674e+08
38 38.12 1.01923e+08
38 38.12 9.2694e+07
38 37.77 8.6526e+07
38 37.77 8.21255e+07
38 37.77 8.04354e+07
38 37.77 7.88062e+07
38 37.77 7.71504e+07
38 37.77 7.6387e+07
38 37.77 7.71304e+07
38 37.77 7.79293e+07
38 37.77 7.75098e+07
38 37.89 7.93399e+07
38 38.99 8.88936e+07
38 45.79 1.03597e+08
38 56.49 1.20404e+08
38 63.83 1.36518e+08
38 61.05 1.49371e+08
39 45.7 1.26278e+08
39 45.7 1.19379e+08
39 45.7 1.11116e+08
39 42.13 1.05679e+08
39 17.26 9.97425e+07
39 17.26 9.57653e+07
39 17.26 9.32576e+07
39 17.26 9.16521e+07
39 17.26 9.01738e+07
39 45.7 8.95235e+07
39 17.26 9.0989e+07
39 17.26 9.03315e+07
39 28.44 9.43204e+07
39 28.44 1.06486e+08
39 39.09 1.20664e+08
39 45.16 1.37969e+08
39 39.09 1.49792e+08
39 43.16 1.63488e+08
40 37.52 1.06974e+08
40 37.52 1.0144e+08
40 36.95 9.58401e+07
40 36.95 9.11198e+07
40 36.95 8.79441e+07
40 36.95 8.53535e+07
40 36.95 8.42513e+07
40 36.95 8.27971e+07
40 36.95 8.19266e+07
40 36.95 8.19128e+07
40 36.95 7.79233e+07
40 36.95 7.5237e+07
40 47.03 7.97655e+07
40 47.03 9.06063e+07
40 53.78 1.0547e+08
40 54.66 1.27957e+08
40 55.19 1.4513e+08
40 56.64 1.56928e+08
41 88.17 1.05492e+08
41 88.17 9.88658e+07
41 75.83 9.25261e+07
41 75.83 8.67042e+07
41 72.12 8.431e+07
41 75.83 8.08884e+07
41 75.83 7.87963e+07
41 72.12 7.83219e+07
41 72.12 7.67318e+07
41 71.71 7.58408e+07
41 71.71 7.22955e+07
41 71.71 7.08641e+07
41 43.39 7.00012e+07
41 43.4 7.28955e+07
41 44.37 7.53177e+07
41 44.37 7.97411e+07
41 44.9 8.87601e+07
41 45.4 1.0083e+08
42 46.44 1.17498e+08
42 46.44 1.08761e+08
42 45.18 9.99526e+07
42 43.32 9.42549e+07
42 43.32 8.85143e+07
42 39.58 8.60341e+07
42 39.58 8.3749e+07
42 39.58 8.20176e+07
42 39.58 8.13297e+07
42 39.58 8.07104e+07
42 39.58 8.04399e+07
42 39.58 7.96024e+07
42 47.89 8.25935e+07
42 43.69 8.52373e+07
42 49 9.16002e+07
42 51.72 1.01535e+08
42 52.97 1.11625e+08
42 55.78 1.2641e+08
43 49.76 1.12436e+08
43 49.76 1.02774e+08
43 49.4 9.74452e+07
43 49.4 9.19008e+07
43 49.4 8.98742e+07
43 48.19 8.60532e+07
43 48.19 8.5024e+07
43 48.19 8.18258e+07
43 48.19 8.13161e+07
43 48.19 8.0933e+07
43 49.4 7.85896e+07
43 47.15 7.72448e+07
43 41.18 8.07462e+07
43 41.18 9.07183e+07
43 47.17 1.0294e+08
43 48.14 1.18335e+08
43 52.03 1.33213e+08
43 52.03 1.47609e+08
44 38.86 1.07054e+08
44 38.86 9.78632e+07
44 38.5 9.04242e+07
44 38.5 8.58645e+07
44 38.5 8.31438e+07
44 38.5 8.01278e+07
44 38.5 7.88128e+07
44 38.5 7.73614e+07
44 38.5 7.66537e+07
44 38.5 7.63099e+07
44 38.5 7.22747e+07
44 38.5 6.98329e+07
44 36.89 7.44879e+07
44 41.31 8.3877e+07
44 46.69 9.84916e+07
44 48.1 1.1774e+08
44 52.18 1.33439e+08
44 52.18 1.46464e+08
45 38.73 1.17627e+08
45 38.73 1.12636e+08
45 36.53 1.05685e+08
45 36.53 1.00304e+08
45 32.73 9.58665e+07
45 28.64 9.18751e+07
45 28.64 8.74516e+07
45 28.64 8.61884e+07
45 32.55 8.41868e+07
45 32.56 8.33124e+07
45 32.6 8.09145e+07
45 36.53 8.00529e+07
45 38.48 8.07184e+07
45 38.48 8.21075e+07
45 38.48 8.53867e+07
45 41.49 9.4096e+07
45 46.47 1.04038e+08
45 49.56 1.1589e+08
46 40.04 1.06361e+08
46 39.67 1.0057e+08
46 39.67 9.60856e+07
46 39.23 8.92298e+07
46 39.67 8.41066e+07
46 39.23 8.0073e+07
46 37.76 7.83742e+07
46 37.76 7.81629e+07
46 39.23 7.78694e+07
46 39.67 7.81644e+07
46 39.23 7.79804e+07
46 37.76 7.69464e+07
46 39.67 7.96378e+07
46 41.7 8.59986e+07
46 49.47 9.97279e+07
46 49.65 1.13338e+08
46 49.7 1.29214e+08
46 53.6 1.44288e+08
47 59.07 9.89602e+07
47 53.49 9.33896e+07
47 50.98 8.98329e+07
47 50.98 8.51426e+07
47 50.62 8.29678e+07
47 50.62 7.85183e+07
47 50.62 7.63149e+07
47 50.62 7.31495e+07
47 50.62 7.15475e+07
47 50.62 7.15382e+07
47 50.62 7.04166e+07
47 50.62 6.65032e+07
47 38.52 6.60147e+07
47 38.52 6.68277e+07
47 38.88 7.06067e+07
47 38.88 7.76264e+07
47 38.88 8.66451e+07
47 40.87 9.58055e+07
48 43.28 1.12025e+08
48 43.28 1.02103e+08
48 43.28 9.60238e+07
48 43.28 9.02256e+07
48 43.28 8.6592e+07
48 43.28 8.3584e+07
48 43.28 8.13432e+07
48 43.28 7.96162e+07
48 43.28 7.90698e+07
48 43.28 8.00102e+07
48 43.28 7.8906e+07
48 43.28 7.62636e+07
48 38.67 8.22654e+07
48 39.39 9.0258e+07
48 44.74 1.02283e+08
48 47.47 1.17557e+08
48 56.57 1.31637e+08
48 60.23 1.46616e+08
49 51.29 1.00872e+08
49 51.29 9.46647e+07
49 50.92 8.85967e+07
49 50.92 8.42482e+07
49 50.92 8.17426e+07
49 50.92 7.82294e+07
49 50.92 7.5778e+07
49 50.92 7.46673e+07
49 50.92 7.42034e+07
49 50.92 7.49008e+07
49 50.92 7.40963e+07
49 50.92 7.2486e+07
49 41.87 7.48211e+07
49 46.44 8.35764e+07
49 51.28 9.78151e+07
49 52.29 1.15029e+08
49 53.1 1.29195e+08
49 53.32 1.44166e+08
50 47.3 1.14194e+08
50 47.11 1.1009e+08
50 41.46 1.03248e+08
50 41.1 9.64266e+07
50 41.1 9.27042e+07
50 41.1 8.74716e+07
50 41.1 8.50145e+07
50 41.1 8.28333e+07
50 41.1 8.12297e+07
50 41.1 8.09724e+07
50 41.1 7.70438e+07
50 41.1 7.32017e+07
50 30.23 7.46408e+07
50 38.42 7.6872e+07
50 38.42 8.11383e+07
50 38.42 8.83531e+07
50 33.96 9.71989e+07
50 43.6 1.06642e+08
51 50.34 1.00904e+08
51 48.92 9.38327e+07
51 47.42 8.62875e+07
51 47.42 8.2022e+07
51 47.42 8.06574e+07
51 47.42 7.80123e+07
51 47.42 7.69842e+07
51 47.42 7.56517e+07
51 47.05 7.4874e+07
51 47.42 7.59071e+07
51 47.42 7.39106e+07
51 47.42 7.1996e+07
51 39.28 7.37332e+07
51 41.22 8.20902e+07
51 43.36 9.44848e+07
51 45.32 1.11626e+08
51 45.72 1.27742e+08
51 49.27 1.44213e+08
52 54.23 1.1282e+08
52 54.71 1.04919e+08
52 51.51 9.8129e+07
52 47.32 9.27758e+07
52 46.96 9.05163e+07
52 46.96 8.87846e+07
52 44.44 8.64517e+07
52 46.96 8.26322e+07
52 46.96 8.16659e+07
52 44.44 8.04668e+07
52 49.48 7.97313e+07
52 46.96 7.79076e+07
52 48.35 7.96317e+07
52 48.35 8.32007e+07
52 52.66 8.67912e+07
52 56.99 9.86692e+07
52 57.78 1.08941e+08
52 57.81 1.21439e+08
53 43.15 1.08664e+08
53 42.55 9.90666e+07
53 42.52 9.297e+07
53 42.52 8.7618e+07
53 42.52 8.59812e+07
53 41.53 8.37526e+07
53 41.53 8.16363e+07
53 41.53 8.01446e+07
53 41.53 8.01116e+07
53 41.53 8.02694e+07
53 42.52 8.12391e+07
53 42.52 7.88724e+07
53 42.98 7.8254e+07
53 42.98 8.50229e+07
53 45.19 9.90991e+07
53 45.5 1.16041e+08
53 47.61 1.32307e+08
53 48.85 1.46083e+08
54 47.13 1.08774e+08
54 43.77 1.02793e+08
54 40.11 9.6378e+07
54 40.11 9.15842e+07
54 40.11 8.87618e+07
54 40.11 8.61196e+07
54 40.11 8.3551e+07
54 39.97 8.10608e+07
54 40.11 8.19233e+07
54 40.11 8.29092e+07
54 40.11 8.30193e+07
54 40.11 8.10383e+07
54 43.82 8.04651e+07
54 44.13 8.47464e+07
54 45.83 9.10291e+07
54 45.85 1.00865e+08
54 46.32 1.09694e+08
54 55.95 1.20323e+08
55 47.01 1.16335e+08
55 44.93 1.10522e+08
55 43.83 1.06846e+08
55 40.22 1.02857e+08
55 37.65 9.99999e+07
55 37.65 9.53268e+07
55 36.29 9.47809e+07
55 35.62 9.33161e+07
55 31.56 9.29811e+07
55 31.58 9.39932e+07
55 31.6 9.40212e+07
55 25.46 9.64817e+07
55 35.61 9.88115e+07
55 37.72 1.06623e+08
55 44.39 1.2106e+08
55 44.72 1.3498e+08
55 47.08 1.48926e+08
55 47.29 1.61325e+08
56 44.98 1.12752e+08
56 43.27 1.04217e+08
56 43.27 9.97549e+07
56 43.27 9.43604e+07
56 43.27 8.99161e+07
56 41.33 8.63909e+07
56 41.48 8.42878e+07
56 39.84 8.32398e+07
56 43.27 8.35171e+07
56 43.27 8.30819e+07
56 43.27 8.40041e+07
56 43.27 8.4728e+07
56 46.37 8.52518e+07
56 49.64 9.18854e+07
56 51.82 1.04715e+08
56 54.91 1.22618e+08
56 56.99 1.37167e+08
56 57.06 1.51276e+08
57 39.95 1.13142e+08
57 39.57 1.06313e+08
57 38.11 1.02023e+08
57 36.84 9.71264e+07
57 36.84 9.52397e+07
57 36.84 9.27503e+07
57 36.84 9.11392e+07
57 35.46 9.01146e+07
57 35.46 8.9868e+07
57 36.84 9.06105e+07
57 36.84 9.49766e+07
57 36.84 9.69209e+07
57 38.09 9.89946e+07
57 44.08 1.05004e+08
57 45.46 1.17835e+08
57 47.3 1.33005e+08
57 47.8 1.46922e+08
57 69.83 1.58636e+08
58 61.6 1.23686e+08
58 58.87 1.18192e+08
58 60.12 1.10758e+08
58 60.12 1.04845e+08
58 60.12 1.00899e+08
58 60.12 9.82967e+07
58 60.12 9.56346e+07
58 60.12 9.54467e+07
58 60.12 9.51294e+07
58 60.12 9.54345e+07
58 63.08 9.52883e+07
58 60.12 9.82816e+07
58 39.95 1.02116e+08
58 44.99 1.10168e+08
58 47.41 1.24008e+08
58 47.77 1.45564e+08
58 68.63 1.59604e+08
58 74.18 1.71233e+08
59 45.65 1.12323e+08
59 45.41 1.02887e+08
59 45.41 9.74901e+07
59 44.35 9.06095e+07
59 44.02 8.66696e+07
59 42.81 8.26088e+07
59 42.81 8.03407e+07
59 42.81 8.00209e+07
59 42.81 8.04123e+07
59 42.81 8.16194e+07
59 42.81 8.22143e+07
59 42.81 8.36192e+07
59 54.79 8.93232e+07
59 55.18 9.74485e+07
59 56.27 1.1303e+08
59 57.71 1.27945e+08
59 60 1.41476e+08
59 60 1.54496e+08
60 57.24 1.0884e+08
60 50.73 1.0161e+08
60 50.73 9.31878e+07
60 49.42 8.71833e+07
60 49.42 8.20091e+07
60 49.42 7.79396e+07
60 49.04 7.5035e+07
60 49.04 7.51264e+07
60 49.04 7.46307e+07
60 48.88 7.50208e+07
60 49.58 7.61042e+07
60 49.42 7.61447e+07
60 40.5 7.64897e+07
60 40.5 7.95418e+07
60 41.88 8.29685e+07
60 48.43 9.21097e+07
60 49.49 1.06403e+08
60 50.01 1.17914e+08
61 55.56 1.00677e+08
61 55.56 9.17052e+07
61 55.56 8.64409e+07
61 55.56 7.95417e+07
61 55.56 7.73379e+07
61 55.56 7.33248e+07
61 55.56 7.17289e+07
61 55.56 7.17853e+07
61 55.56 7.23439e+07
61 55.56 7.06174e+07
61 55.56 7.59103e+07
61 55.56 7.88613e+07
61 48.32 7.95507e+07
61 50.33 8.8758e+07
61 50.33 1.04862e+08
61 53.05 1.21435e+08
61 80.72 1.34566e+08
61 84.64 1.4885e+08
62 51.51 1.1431e+08
62 43.68 1.05321e+08
62 41.8 9.8067e+07
62 41.8 9.04756e+07
62 40.34 8.70121e+07
62 43.26 8.41396e+07
62 41.44 8.07289e+07
62 41.44 7.88573e+07
62 38.21 7.75073e+07
62 43.68 7.9144e+07
62 43.68 8.07517e+07
62 41.8 7.93411e+07
62 47.16 8.4472e+07
62 48.37 9.02419e+07
62 51.4 9.47631e+07
62 59.1 1.00242e+08
62 60.52 1.12938e+08
62 60.63 1.28153e+08
63 38.16 1.27198e+08
63 34.77 1.21706e+08
63 34.77 1.15576e+08
63 34.77 1.11547e+08
63 34.77 1.06745e+08
63 32.13 1.03133e+08
63 34.77 1.00695e+08
63 34.77 1.00374e+08
63 34.77 1.00442e+08
63 34.77 1.01006e+08
63 32.13 1.04474e+08
63 32.13 1.08787e+08
63 32.06 1.12575e+08
63 39.42 1.26232e+08
63 49.55 1.43763e+08
63 49.55 1.60838e+08
63 48.33 1.7327e+08
63 49.55 1.78107e+08
64 46.55 1.23554e+08
64 46.19 1.15915e+08
64 46.19 1.11109e+08
64 46.19 1.0588e+08
64 46.19 1.02002e+08
64 46.19 9.85247e+07
64 46.19 9.41583e+07
64 46.19 9.11726e+07
64 46.19 8.97776e+07
64 46.19 8.95785e+07
64 46.19 9.09539e+07
64 46.19 9.28782e+07
64 45.71 9.63977e+07
64 46.41 1.01214e+08
64 46.41 1.0378e+08
64 46.41 1.08197e+08
64 48.63 1.16739e+08
64 61.52 1.26869e+08
65 40.61 1.27565e+08
65 40.61 1.2187e+08
65 40.61 1.15637e+08
65 40.61 1.09254e+08
65 40.61 1.05061e+08
65 40.61 9.98355e+07
65 39.09 9.69988e+07
65 39.07 9.53262e+07
65 39.12 9.39708e+07
65 39.11 9.26278e+07
65 39.09 9.23421e+07
65 39.05 9.27659e+07
65 34.32 9.332e+07
65 34.32 9.65685e+07
65 34.32 9.94597e+07
65 34.32 1.06131e+08
65 34.32 1.12405e+08
65 40.01 1.24055e+08
66 49.66 1.15799e+08
66 43.29 1.14191e+08
66 43.29 1.09989e+08
66 43.29 1.05352e+08
66 43.29 1.02333e+08
66 43.29 9.88219e+07
66 43.29 9.53365e+07
66 43.29 9.58891e+07
66 43.29 9.53754e+07
66 43.29 9.52857e+07
66 49.3 9.69585e+07
66 49.3 9.96208e+07
66 42.51 1.03417e+08
66 42.51 1.13811e+08
66 53.54 1.31995e+08
66 55.95 1.50968e+08
66 56.11 1.62788e+08
66 55.49 1.69967e+08
67 42.51 1.09285e+08
67 42.51 1.03762e+08
67 42.51 9.82049e+07
67 42.51 9.56119e+07
67 40.64 9.14057e+07
67 40.64 8.9072e+07
67 40.64 8.69699e+07
67 40.64 8.57527e+07
67 40.64 8.51172e+07
67 40.64 8.50991e+07
67 42.51 8.4923e+07
67 42.51 8.85394e+07
67 57.05 9.51392e+07
67 57.85 1.10674e+08
67 59.55 1.26537e+08
67 67.21 1.46728e+08
67 67.23 1.60277e+08
67 67.29 1.66601e+08
68 44.55 1.18877e+08
68 44.21 1.15963e+08
68 44.21 1.11058e+08
68 44.21 1.05708e+08
68 44.21 1.03458e+08
68 44.21 9.94097e+07
68 44.21 9.73394e+07
68 44.21 9.59493e+07
68 44.21 9.6398e+07
68 44.21 9.72225e+07
68 44.21 9.85132e+07
68 44.21 1.02384e+08
68 38.66 1.0376e+08
68 39.26 1.12396e+08
68 49.12 1.29922e+08
68 51.03 1.50489e+08
68 51.03 1.64915e+08
68 55.23 1.71537e+08
69 49.12 1.15229e+08
69 48.3 1.18655e+08
69 39.26 1.03175e+08
69 38.66 9.58721e+07
69 38.66 9.12688e+07
69 38.66 8.65234e+07
69 38.66 8.10674e+07
69 38.66 7.97549e+07
69 38.01 7.85841e+07
69 38.66 7.81461e+07
69 38.66 7.88668e+07
69 38.66 8.20947e+07
69 37.67 8.44833e+07
69 38.86 8.93605e+07
69 40 9.56483e+07
69 48.66 1.00135e+08
69 48.66 1.12913e+08
69 50.5 1.2732e+08
70 49.1 1.18638e+08
70 49.1 1.14919e+08
70 49.1 1.09166e+08
70 48.74 1.06006e+08
70 48.74 1.03645e+08
70 48.74 1.00548e+08
70 48.74 9.65798e+07
70 48.74 9.57892e+07
70 48.74 9.4882e+07
70 48.74 9.51941e+07
70 49.1 9.5291e+07
70 48.48 9.84342e+07
70 69.4 1.09662e+08
70 70.13 1.2263e+08
70 83.42 1.40949e+08
70 85.8 1.59971e+08
70 83.46 1.71903e+08
70 83.01 1.76949e+08
71 69.4 1.25655e+08
71 69.4 1.22173e+08
71 69.66 1.16319e+08
71 69.93 1.10992e+08
71 69.93 1.06699e+08
71 69.93 1.03047e+08
71 69.93 9.99198e+07
71 69.93 9.86507e+07
71 69.93 9.80511e+07
71 69.93 9.85103e+07
71 69.93 1.00069e+08
71 69.93 1.02627e+08
71 37.52 1.10478e+08
71 39.18 1.22279e+08
71 51.2 1.4213e+08
71 52.88 1.60943e+08
71 57.49 1.72649e+08
71 57.49 1.77408e+08
72 40.25 1.22341e+08
72 38.35 1.1762e+08
72 38.35 1.11516e+08
72 38.35 1.06049e+08
72 37.99 9.86732e+07
72 37.99 9.42074e+07
72 36.8 9.04626e+07
72 39.18 8.8675e+07
72 38.35 8.71321e+07
72 37.99 8.82114e+07
72 37.99 8.63138e+07
72 37.99 8.54985e+07
72 39.03 8.76874e+07
72 39.03 9.16984e+07
72 39.03 1.00763e+08
72 39.66 1.07152e+08
72 48.21 1.17899e+08
72 50.61 1.30253e+08
73 48.21 1.15639e+08
73 48.21 1.1142e+08
73 39.66 1.05745e+08
73 39.66 1.00362e+08
73 39.03 9.56704e+07
73 36.89 9.22076e+07
73 39.03 8.84949e+07
73 38.14 8.76053e+07
73 38.14 8.58464e+07
73 38.14 8.53157e+07
73 38.14 8.53812e+07
73 38.14 8.58945e+07
73 50.41 8.9307e+07
73 50.41 8.96157e+07
73 50.41 9.41601e+07
73 50.41 9.35646e+07
73 50.41 1.01328e+08
73 51.7 1.11786e+08
74 37.85 1.19242e+08
74 37.85 1.14754e+08
74 37.85 1.10156e+08
74 37.5 1.09429e+08
74 37.5 1.05724e+08
74 37.5 1.0319e+08
74 37.5 9.97776e+07
74 37.5 9.68049e+07
74 37.5 9.78826e+07
74 37.5 9.81722e+07
74 37.5 9.87074e+07
74 37.85 1.01005e+08
74 37.06 1.04083e+08
74 46.93 1.16636e+08
74 51.57 1.37835e+08
74 51.86 1.61401e+08
74 51.86 1.73348e+08
74 51.86 1.78042e+08
75 37.06 1.18762e+08
75 36.72 1.14028e+08
75 36.72 1.07846e+08
75 36.72 1.04183e+08
75 36.72 1.01573e+08
75 36.72 9.90614e+07
75 36.72 9.69382e+07
75 36.72 9.46784e+07
75 36.72 9.32338e+07
75 36.72 9.33587e+07
75 36.72 9.49358e+07
75 36.72 9.65015e+07
75 37.47 1.01372e+08
75 46.83 1.14656e+08
75 51.74 1.3238e+08
75 52.01 1.59163e+08
75 58.06 1.69341e+08
75 58.06 1.73693e+08
76 65.41 1.1875e+08
76 62.95 1.0927e+08
76 62.95 1.01309e+08
76 62.85 9.64605e+07
76 52.94 9.25161e+07
76 47.92 8.8424e+07
76 52.94 8.66028e+07
76 52.94 8.51782e+07
76 52.94 8.44872e+07
76 52.94 8.33698e+07
76 52.94 8.24898e+07
76 52.94 8.29072e+07
76 51.26 8.38585e+07
76 52.87 9.23331e+07
76 52.87 1.0012e+08
76 53.89 1.06701e+08
76 53.89 1.17065e+08
76 54.28 1.28837e+08
77 46.83 1.14754e+08
77 46.58 1.07376e+08
77 46.58 1.01758e+08
77 46.23 9.78966e+07
77 46.23 9.43158e+07
77 46.23 9.08173e+07
77 46.23 8.81463e+07
77 46.23 8.75834e+07
77 46.23 8.801e+07
77 46.23 8.797e+07
77 46.23 8.7695e+07
77 46.58 9.13129e+07
77 48.78 9.66402e+07
77 57.69 1.0564e+08
77 72.24 1.17961e+08
77 73.78 1.29881e+08
77 75.52 1.43015e+08
77 78.63 1.56794e+08
78 42.88 1.29251e+08
78 42.88 1.2052e+08
78 42.88 1.12981e+08
78 42.88 1.046e+08
78 42.88 9.94342e+07
78 42.88 9.76002e+07
78 42.52 9.37337e+07
78 42.52 9.26073e+07
78 42.88 9.08342e+07
78 42.88 8.90961e+07
78 42.88 9.05034e+07
78 42.88 8.9568e+07
78 38.7 8.89365e+07
78 39.07 9.28564e+07
78 39.07 9.37563e+07
78 39.07 9.49341e+07
78 40.06 9.51898e+07
78 41.03 1.0367e+08
79 50.56 1.36015e+08
79 49.44 1.24899e+08
79 42.61 1.18501e+08
79 41.55 1.10146e+08
79 41.55 1.05813e+08
79 40.64 1.03545e+08
79 40.64 1.03733e+08
79 40.64 1.00132e+08
79 40.64 9.98271e+07
79 40.64 1.00837e+08
79 41.55 1.01303e+08
79 41.55 1.04298e+08
79 39.95 1.09095e+08
79 39.95 1.2299e+08
79 52.02 1.41455e+08
79 53.61 1.60801e+08
79 53.61 1.67011e+08
79 53.61 1.68715e+08
80 52.39 1.37383e+08
80 51.71 1.25014e+08
80 50.18 1.16376e+08
80 40.67 1.07731e+08
80 40.67 1.02294e+08
80 40.67 9.61775e+07
80 39.95 9.48098e+07
80 39.95 9.34039e+07
80 38.72 9.21531e+07
80 38.72 9.16013e+07
80 39.95 9.15146e+07
80 39.95 9.22252e+07
80 38.2 9.56862e+07
80 38.2 9.77774e+07
80 39.41 1.01841e+08
80 49.66 1.07777e+08
80 50.12 1.10512e+08
80 51.15 1.21121e+08
81 37.91 1.35555e+08
81 37.91 1.2734e+08
81 37.91 1.21342e+08
81 37.91 1.15355e+08
81 37.91 1.10849e+08
81 37.91 1.05035e+08
81 37.91 1.03543e+08
81 37.91 1.0247e+08
81 37.91 1.01571e+08
81 37.91 1.00973e+08
81 37.91 1.06593e+08
81 37.91 1.12849e+08
81 38.28 1.14563e+08
81 39.61 1.2682e+08
81 52.84 1.46153e+08
81 56.29 1.69264e+08
81 58.62 1.78211e+08
81 59.16 1.79492e+08
82 62.41 1.29784e+08
82 61.87 1.18386e+08
82 53.37 1.11987e+08
82 53.29 1.0865e+08
82 50.9 1.03445e+08
82 46.83 9.81802e+07
82 46.83 9.89351e+07
82 46.83 9.97123e+07
82 46.83 1.0087e+08
82 45.5 9.99924e+07
82 48.16 9.98943e+07
82 46.83 1.03282e+08
82 51.06 1.08482e+08
82 55.66 1.24413e+08
82 69.56 1.42485e+08
82 77.12 1.66134e+08
82 77.83 1.74891e+08
82 74.51 1.7728e+08
83 37.61 1.29979e+08
83 37.61 1.25869e+08
83 37.26 1.22118e+08
83 37.26 1.18373e+08
83 37.26 1.13971e+08
83 34.56 1.09654e+08
83 34.56 1.09991e+08
83 37.26 1.07925e+08
83 36.33 1.07067e+08
83 32.34 1.07006e+08
83 37.26 1.13458e+08
83 32.34 1.15868e+08
83 37.61 1.17292e+08
83 39.48 1.31513e+08
83 51.82 1.47079e+08
83 53.84 1.69609e+08
83 54.68 1.80115e+08
83 54.31 1.82476e+08
84 39.72 1.39211e+08
84 39.72 1.30102e+08
84 37.57 1.22627e+08
84 37.57 1.17493e+08
84 37.22 1.17297e+08
84 37.22 1.13173e+08
84 37.22 1.10537e+08
84 37.22 1.09633e+08
84 37.22 1.09235e+08
84 36.81 1.11222e+08
84 37.22 1.11527e+08
84 32.94 1.12334e+08
84 41.45 1.17435e+08
84 39.72 1.26981e+08
84 52.05 1.49237e+08
84 59.21 1.7137e+08
84 63.77 1.83804e+08
84 62.49 1.85361e+08
85 38 1.58564e+08
85 36.96 1.4718e+08
85 38.68 1.4219e+08
85 38 1.35459e+08
85 37.64 1.30818e+08
85 37.64 1.28689e+08
85 37.64 1.27293e+08
85 37.64 1.25391e+08
85 37.64 1.26182e+08
85 37.64 1.2417e+08
85 37.64 1.24438e+08
85 36.96 1.26177e+08
85 49.73 1.3152e+08
85 49.73 1.42494e+08
85 53.42 1.60298e+08
85 57.38 1.83207e+08
85 58.92 1.97237e+08
85 58.59 2.03702e+08
86 26.42 1.59362e+08
86 34.02 1.50295e+08
86 0 1.43648e+08
86 26.42 1.37975e+08
86 20.45 1.34157e+08
86 1.77 1.29698e+08
86 1.77 1.27838e+08
86 0 1.26148e+08
86 15.33 1.24168e+08
86 20.02 1.2453e+08
86 20.55 1.24317e+08
86 34.02 1.26704e+08
86 38.38 1.30058e+08
86 46.66 1.42223e+08
86 53.21 1.64054e+08
86 55.99 1.8561e+08
86 54.5 1.98913e+08
86 54.43 1.98408e+08
87 41.2 1.41147e+08
87 40.85 1.36957e+08
87 40.85 1.27533e+08
87 37.46 1.20397e+08
87 35.23 1.12778e+08
87 35.23 1.05849e+08
87 35.23 1.04143e+08
87 35.23 1.00411e+08
87 35.23 9.73335e+07
87 40.85 9.74259e+07
87 35.23 9.62283e+07
87 41.2 9.84397e+07
87 37.74 9.52386e+07
87 37.74 9.51571e+07
87 37.74 9.54945e+07
87 37.74 9.84526e+07
87 37.74 9.97078e+07
87 37.74 1.02436e+08
88 52.7 1.59598e+08
88 39.42 1.53374e+08
88 37.24 1.45883e+08
88 36.89 1.40358e+08
88 36.89 1.32327e+08
88 36.89 1.26536e+08
88 36.89 1.19858e+08
88 36.89 1.15994e+08
88 36.89 1.12572e+08
88 36.89 1.07225e+08
88 36.89 1.03024e+08
88 36.89 1.02668e+08
88 29.64 1.05193e+08
88 29.64 1.0811e+08
88 29.64 1.10017e+08
88 29.64 1.1568e+08
88 29.64 1.17204e+08
88 29.64 1.17427e+08
89 44.69 1.51441e+08
89 40.11 1.4202e+08
89 44.69 1.33525e+08
89 44.69 1.28523e+08
89 39.55 1.20223e+08
89 35.48 1.16011e+08
89 35.17 1.1299e+08
89 35.48 1.11692e+08
89 35.48 1.12899e+08
89 33.03 1.10809e+08
89 44.69 1.0983e+08
89 44.69 1.09457e+08
89 30.59 1.15501e+08
89 37.48 1.25012e+08
89 49.74 1.43121e+08
89 50.84 1.66875e+08
89 50.84 1.82246e+08
89 50.84 1.86198e+08
90 48.83 1.38307e+08
90 40.48 1.27777e+08
90 40.48 1.20678e+08
90 37.48 1.15428e+08
90 37.48 1.12475e+08
90 36.72 1.09689e+08
90 36.72 1.07173e+08
90 36.72 1.05412e+08
90 36.72 1.05847e+08
90 36.72 1.02267e+08
90 36.72 9.83839e+07
90 37.48 1.01769e+08
90 49.86 1.0662e+08
90 50.29 1.2019e+08
90 53.04 1.40333e+08
90 69.78 1.65433e+08
90 64.43 1.81228e+08
90 64.42 1.85785e+08
91 39.85 1.45122e+08
91 39.85 1.36394e+08
91 39.85 1.28338e+08
91 38.91 1.23034e+08
91 38.91 1.18067e+08
91 38.91 1.13883e+08
91 38.91 1.11786e+08
91 38.91 1.09317e+08
91 38.91 1.08291e+08
91 39.85 1.07163e+08
91 41.98 1.09873e+08
91 39.85 1.10969e+08
91 50.57 1.14815e+08
91 51.43 1.29026e+08
91 92.82 1.47769e+08
91 107.06 1.71492e+08
91 139.05 1.87261e+08
91 97.77 1.87226e+08
92 52.58 1.54604e+08
92 52.1 1.46195e+08
92 51.77 1.40108e+08
92 50.39 1.33248e+08
92 47.64 1.2895e+08
92 47.64 1.2533e+08
92 47.64 1.22007e+08
92 47.64 1.19488e+08
92 47.64 1.18742e+08
92 47.64 1.1792e+08
92 47.64 1.1787e+08
92 47.64 1.19739e+08
92 36.1 1.25681e+08
92 36.1 1.35631e+08
92 45.69 1.54207e+08
92 65.57 1.76163e+08
92 65.66 1.90634e+08
92 65.66 1.94343e+08
93 48.9 1.49471e+08
93 48.9 1.39522e+08
93 48.9 1.29855e+08
93 48.9 1.22886e+08
93 45.69 1.20806e+08
93 44.62 1.17685e+08
93 44.62 1.14169e+08
93 44.62 1.10106e+08
93 44.62 1.09176e+08
93 44.62 1.07729e+08
93 44.62 1.05256e+08
93 44.62 1.06082e+08
93 34.83 1.09235e+08
93 35.59 1.13607e+08
93 35.59 1.19716e+08
93 35.59 1.28094e+08
93 43.17 1.30598e+08
93 50.86 1.37128e+08
94 58.43 1.47861e+08
94 55.88 1.39606e+08
94 53.19 1.32311e+08
94 42.02 1.26952e+08
94 43.99 1.20285e+08
94 43.99 1.16411e+08
94 42.02 1.13941e+08
94 41.7 1.13503e+08
94 43.99 1.12279e+08
94 41.26 1.10854e+08
94 41.26 1.07328e+08
94 41.26 1.07831e+08
94 52.45 1.07676e+08
94 52.45 1.08716e+08
94 52.45 1.12012e+08
94 52.45 1.15541e+08
94 52.45 1.18638e+08
94 52.45 1.20414e+08
95 49.71 1.59327e+08
95 49.18 1.49789e+08
95 49.18 1.43402e+08
95 49.18 1.38728e+08
95 49.18 1.34052e+08
95 35.43 1.31893e+08
95 35.43 1.30058e+08
95 35.43 1.29005e+08
95 34.65 1.28575e+08
95 34.65 1.27299e+08
95 35.43 1.26019e+08
95 42.4 1.27995e+08
95 48.63 1.22182e+08
95 49.65 1.37631e+08
95 58.16 1.563e+08
95 61.79 1.80867e+08
95 66.09 1.9794e+08
95 61.79 1.98794e+08
96 44.28 1.60799e+08
96 44.28 1.52979e+08
96 44.28 1.46889e+08
96 44.28 1.39999e+08
96 44.28 1.35034e+08
96 44.28 1.31659e+08
96 44.28 1.29605e+08
96 44.28 1.2635e+08
96 44.28 1.26141e+08
96 44.28 1.25203e+08
96 44.28 1.25235e+08
96 43.34 1.26222e+08
96 38.21 1.31327e+08
96 51.27 1.4359e+08
96 53.11 1.61032e+08
96 54.35 1.85263e+08
96 54.35 1.99039e+08
96 53.11 2.00607e+08
97 32.61 1.43701e+08
97 28.36 1.37045e+08
97 32.61 1.30987e+08
97 28.36 1.23332e+08
97 28.36 1.19766e+08
97 28.36 1.19753e+08
97 28.36 1.15751e+08
97 28.36 1.14627e+08
97 28.36 1.14364e+08
97 28.36 1.14917e+08
97 28.36 1.15681e+08
97 28.36 1.19879e+08
97 28.57 1.28373e+08
97 33.36 1.42882e+08
97 47.31 1.59101e+08
97 47.31 1.80044e+08
97 47.31 1.90437e+08
97 47.31 1.95347e+08
98 57.07 1.45977e+08
98 49.24 1.38438e+08
98 47.98 1.33098e+08
98 47.98 1.30033e+08
98 47.98 1.26365e+08
98 43.19 1.24703e+08
98 43.19 1.21338e+08
98 43.19 1.19489e+08
98 43.19 1.19523e+08
98 43.19 1.16635e+08
98 43.19 1.17329e+08
98 47.98 1.18024e+08
98 42.02 1.19966e+08
98 48.21 1.32348e+08
98 49.28 1.49655e+08
98 51.13 1.71391e+08
98 51.13 1.82222e+08
98 51.13 1.86359e+08
99 36.06 1.49992e+08
99 34.78 1.42628e+08
99 34.5 1.36278e+08
99 34.5 1.32304e+08
99 34.18 1.26627e+08
99 34.18 1.24248e+08
99 34.18 1.21411e+08
99 34.18 1.21356e+08
99 34.18 1.21092e+08
99 34.18 1.19154e+08
99 34.18 1.17804e+08
99 34.5 1.19743e+08
99 34.43 1.20903e+08
99 38.93 1.32379e+08
99 48.81 1.49182e+08
99 49.92 1.67996e+08
99 49.92 1.75711e+08
99 49.92 1.80929e+08
100 45.49 1.5501e+08
100 45.01 1.44912e+08
100 45.01 1.37521e+08
100 45.01 1.31285e+08
100 44.7 1.25189e+08
100 44.7 1.23784e+08
100 44.7 1.20658e+08
100 44.7 1.17867e+08
100 44.7 1.18803e+08
100 44.53 1.18522e+08
100 45.49 1.15134e+08
100 45.01 1.15236e+08
100 48.98 1.22625e+08
100 48.98 1.34174e+08
100 50.17 1.52399e+08
100 51.27 1.70055e+08
100 51.27 1.82422e+08
100 56.28 1.84932e+08
101 39.87 1.41709e+08
101 39.87 1.34213e+08
101 39.87 1.30261e+08
101 39.87 1.24984e+08
101 39.87 1.21627e+08
101 39.87 1.18169e+08
101 39.87 1.16633e+08
101 39.87 1.14582e+08
101 39.87 1.12784e+08
101 39.87 1.12005e+08
101 39.87 1.14235e+08
101 33.71 1.18311e+08
101 47.66 1.20816e+08
101 35.48 1.30579e+08
101 48.97 1.50004e+08
101 49.31 1.66378e+08
101 48.97 1.75857e+08
101 48.97 1.82111e+08
102 35.72 1.50812e+08
102 35.48 1.43952e+08
102 35.48 1.37431e+08
102 34.17 1.32081e+08
102 34.17 1.28387e+08
102 34.17 1.25077e+08
102 34.17 1.22485e+08
102 34.17 1.21016e+08
102 34.17 1.19962e+08
102 33.85 1.19261e+08
102 33.85 1.20653e+08
102 34.17 1.22708e+08
102 45.55 1.26445e+08
102 59.84 1.37951e+08
102 64.88 1.56843e+08
102 66.82 1.7682e+08
102 63.75 1.8596e+08
102 61.99 1.90229e+08
103 40.87 1.5489e+08
103 40.39 1.46431e+08
103 40.87 1.39066e+08
103 40.5 1.30687e+08
103 40.39 1.27336e+08
103 40.39 1.23537e+08
103 40.39 1.204e+08
103 40.39 1.19722e+08
103 40.39 1.18981e+08
103 40.39 1.18346e+08
103 40.09 1.18025e+08
103 40.87 1.21244e+08
103 36.46 1.23041e+08
103 36.46 1.34616e+08
103 39.92 1.49572e+08
103 48.81 1.68709e+08
103 48.81 1.77673e+08
103 48.81 1.85012e+08
104 57.21 1.46226e+08
104 56.88 1.36737e+08
104 56.82 1.28895e+08
104 56.82 1.22074e+08
104 53.9 1.15746e+08
104 45.33 1.10503e+08
104 45.33 1.06313e+08
104 41.29 1.0424e+08
104 41.29 1.03582e+08
104 41.29 1.00885e+08
104 45.33 9.88523e+07
104 45.33 9.84381e+07
104 36.98 1.01147e+08
104 36.98 1.03933e+08
104 48.64 1.0866e+08
104 48.64 1.16091e+08
104 48.98 1.21735e+08
104 50.26 1.27793e+08
105 67.7 1.44817e+08
105 66.58 1.38223e+08
105 66.58 1.30839e+08
105 66.58 1.24272e+08
105 60.31 1.18287e+08
105 51.19 1.13255e+08
105 51.19 1.1002e+08
105 51.19 1.08601e+08
105 49.32 1.06898e+08
105 49.32 1.04174e+08
105 51.19 1.09884e+08
105 49.32 1.09802e+08
105 39.37 1.06905e+08
105 43.81 1.08165e+08
105 43.81 1.08304e+08
105 39.37 1.08092e+08
105 43.81 1.09892e+08
105 46.3 1.13248e+08
106 48.15 1.50423e+08
106 42.94 1.41734e+08
106 48 1.35511e+08
106 42.94 1.29809e+08
106 40.2 1.23282e+08
106 40.2 1.20412e+08
106 40.2 1.16222e+08
106 40.2 1.15261e+08
106 40.2 1.14476e+08
106 40.2 1.12285e+08
106 40.2 1.11987e+08
106 40.2 1.14314e+08
106 48.57 1.207e+08
106 49.96 1.35233e+08
106 52.02 1.54349e+08
106 64.89 1.70581e+08
106 64.89 1.80125e+08
106 73.97 1.85719e+08
107 67.93 1.29095e+08
107 65.56 1.23776e+08
107 63.04 1.20481e+08
107 63.04 1.14747e+08
107 63.04 1.18747e+08
107 59.6 1.14216e+08
107 53.59 1.11588e+08
107 53.59 1.11029e+08
107 53.59 1.10305e+08
107 53.59 1.09709e+08
107 59.6 1.0431e+08
107 63.04 1.06186e+08
107 50.06 1.10759e+08
107 51.13 1.22386e+08
107 65.79 1.41976e+08
107 68.44 1.61355e+08
107 67.13 1.74012e+08
107 67.13 1.7835e+08
108 71.84 1.51995e+08
108 71.84 1.43421e+08
108 71.84 1.34926e+08
108 71.84 1.27049e+08
108 70.16 1.21791e+08
108 70.16 1.16573e+08
108 70.16 1.13077e+08
108 70.16 1.11093e+08
108 70.16 1.10126e+08
108 70.16 1.09046e+08
108 70.16 1.06159e+08
108 71.84 1.06973e+08
108 54.96 1.18636e+08
108 55.84 1.30761e+08
108 55.84 1.49944e+08
108 58.54 1.69478e+08
108 90.46 1.80302e+08
108 90.46 1.86428e+08
109 34.65 1.53999e+08
109 34.65 1.44954e+08
109 33.92 1.40065e+08
109 32.74 1.35757e+08
109 32.74 1.31806e+08
109 32.74 1.27568e+08
109 33.92 1.22913e+08
109 33.92 1.19426e+08
109 33.92 1.20303e+08
109 34.65 1.15569e+08
109 36.71 1.14191e+08
109 51.11 1.1593e+08
109 53.25 1.20145e+08
109 55.28 1.35879e+08
109 55.59 1.4738e+08
109 68.61 1.69054e+08
109 68.6 1.79334e+08
109 68.6 1.82379e+08
110 59.59 1.433e+08
110 55.89 1.3412e+08
110 55.59 1.26068e+08
110 52.26 1.18013e+08
110 52.11 1.10509e+08
110 52.54 1.06301e+08
110 52.54 1.03071e+08
110 52.54 1.00874e+08
110 46.82 9.86144e+07
110 46.82 9.69657e+07
110 52.11 9.50913e+07
110 52.11 9.62514e+07
110 51.46 1.03718e+08
110 51.46 1.08194e+08
110 51.46 1.11926e+08
110 53.11 1.19905e+08
110 53.79 1.29085e+08
110 82.67 1.3924e+08
111 45.53 1.42329e+08
111 45.52 1.37085e+08
111 45.52 1.29612e+08
111 45.52 1.2264e+08
111 45.52 1.16831e+08
111 45.52 1.12816e+08
111 45.52 1.10566e+08
111 32.35 1.07956e+08
111 35.24 1.04196e+08
111 35.24 1.04791e+08
111 35.24 1.01174e+08
111 35.24 9.97699e+07
111 34.49 1.02177e+08
111 34.49 1.05845e+08
111 34.49 1.1264e+08
111 45.52 1.14332e+08
111 45.52 1.17981e+08
111 45.52 1.25775e+08
112 45.52 1.33022e+08
112 45.52 1.26392e+08
112 46.63 1.21198e+08
112 45.52 1.15811e+08
112 45.52 1.14109e+08
112 45.52 1.09407e+08
112 34.49 1.07769e+08
112 34.49 1.04966e+08
112 34.49 1.02947e+08
112 34.49 1.02153e+08
112 44.54 1.01345e+08
112 145.72 1.03047e+08
112 87.34 1.04493e+08
112 94.92 1.08985e+08
112 105.85 1.14974e+08
112 107.86 1.24118e+08
112 130.37 1.32034e+08
112 124.94 1.42179e+08
113 106.44 1.42567e+08
113 103.55 1.34822e+08
113 103.55 1.27204e+08
113 97.92 1.21634e+08
113 97.92 1.16858e+08
113 96.06 1.13349e+08
113 96.06 1.10995e+08
113 82.38 1.12412e+08
113 82.38 1.11415e+08
113 82.38 1.1062e+08
113 82.38 1.17624e+08
113 96.06 1.19921e+08
113 62.39 1.24822e+08
113 63.92 1.32746e+08
113 73.31 1.53086e+08
113 73.31 1.7005e+08
113 73.31 1.81092e+08
113 84.27 1.85817e+08
114 73.31 1.50006e+08
114 73.31 1.40191e+08
114 67.23 1.31127e+08
114 67.03 1.25048e+08
114 67.03 1.21428e+08
114 67.03 1.18086e+08
114 66.24 1.15807e+08
114 63.5 1.12692e+08
114 63.5 1.12556e+08
114 66.24 1.11287e+08
114 67.03 1.12139e+08
114 67.03 1.14601e+08
114 72.32 1.21225e+08
114 72.32 1.29553e+08
114 73.98 1.48438e+08
114 73.38 1.67699e+08
114 99.79 1.78986e+08
114 101.23 1.84693e+08
115 110.71 1.53023e+08
115 110.71 1.40929e+08
115 105.69 1.3361e+08
115 105.69 1.28463e+08
115 103.89 1.25636e+08
115 105.69 1.22227e+08
115 105.69 1.19703e+08
115 105.69 1.17486e+08
115 105.69 1.14752e+08
115 105.69 1.13369e+08
115 105.69 1.17033e+08
115 110.71 1.21454e+08
115 45.78 1.19515e+08
115 45.78 1.21748e+08
115 35.22 1.30509e+08
115 64.7 1.51332e+08
115 65.4 1.57571e+08
115 65.4 1.6047e+08
116 55.24 1.285e+08
116 53.86 1.27514e+08
116 52.35 1.22834e+08
116 55.06 1.17994e+08
116 53.86 1.1634e+08
116 53.86 1.13644e+08
116 53.86 1.11412e+08
116 53.86 1.08454e+08
116 53.86 1.07866e+08
116 53.86 1.09253e+08
116 53.86 1.10586e+08
116 55.06 1.11504e+08
116 34.53 1.19688e+08
116 40.86 1.24548e+08
116 58.16 1.40472e+08
116 58.36 1.57994e+08
116 101.7 1.70572e+08
116 101.7 1.79085e+08
117 50.47 1.23971e+08
117 50.47 1.19673e+08
117 50.47 1.13183e+08
117 50.47 1.06617e+08
117 50.47 1.02247e+08
117 50.47 9.7698e+07
117 50.47 9.40078e+07
117 50.47 9.30707e+07
117 50.47 9.17175e+07
117 42.9 9.20648e+07
117 42.9 9.54179e+07
117 50.47 9.67976e+07
117 43.53 1.09648e+08
117 51.87 1.20848e+08
117 52.29 1.38983e+08
117 53.51 1.61569e+08
117 278.87 1.7719e+08
117 284.97 1.8597e+08
118 32.69 1.36268e+08
118 32.69 1.36651e+08
118 29.9 1.33054e+08
118 29.9 1.30021e+08
118 29.9 1.26929e+08
118 29.9 1.23328e+08
118 29.9 1.18544e+08
118 34.36 1.17636e+08
118 29.9 1.15865e+08
118 29.9 1.16622e+08
118 29.9 1.18909e+08
118 35.57 1.19602e+08
118 48.58 1.2143e+08
118 48.58 1.28233e+08
118 51.49 1.38841e+08
118 68.26 1.55516e+08
118 68.26 1.68919e+08
118 69.21 1.76135e+08
119 61.94 1.31098e+08
119 61.8 1.29719e+08
119 54.83 1.25322e+08
119 49.14 1.21542e+08
119 48.41 1.20012e+08
119 47.46 1.17354e+08
119 46.1 1.16446e+08
119 46.09 1.15985e+08
119 46.06 1.16214e+08
119 46.06 1.17536e+08
119 46.09 1.20082e+08
119 46.09 1.22057e+08
119 51.84 1.25413e+08
119 51.84 1.36181e+08
119 74.23 1.48131e+08
119 75.71 1.68441e+08
119 75.71 1.82449e+08
119 75.71 1.88608e+08
120 47.24 1.28838e+08
120 46.45 1.28812e+08
120 46.45 1.22709e+08
120 38.1 1.18573e+08
120 38.1 1.12735e+08
120 38.1 1.07765e+08
120 38.1 1.02476e+08
120 38.1 1.00655e+08
120 38.1 1.0023e+08
120 38.1 9.84078e+07
120 46.45 9.79089e+07
120 46.45 9.78532e+07
120 40.89 1.00333e+08
120 40.89 9.93509e+07
120 60.86 1.01587e+08
120 64.66 1.10133e+08
120 65.04 1.20504e+08
120 65.36 1.31357e+08
121 38.94 1.29714e+08
121 38.94 1.31271e+08
121 37.35 1.25008e+08
121 39.55 1.20673e+08
121 38.94 1.1738e+08
121 37.35 1.12343e+08
121 38.94 1.07256e+08
121 38.94 1.05543e+08
121 35.15 1.03703e+08
121 39.55 1.01046e+08
121 38.94 9.85224e+07
121 39.55 9.82574e+07
121 33.63 8.92001e+07
121 47.29 8.7538e+07
121 47.29 8.70189e+07
121 47.29 9.35501e+07
121 47.29 1.04179e+08
121 47.29 1.11952e+08
122 66.51 1.11645e+08
122 66.51 1.09213e+08
122 53.28 1.03225e+08
122 53.28 1.01576e+08
122 52.76 1.01621e+08
122 52.76 1.00059e+08
122 52.76 1.0051e+08
122 50.79 1.0097e+08
122 50.79 1.00619e+08
122 50.79 1.00144e+08
122 50.79 1.01737e+08
122 50.79 1.04948e+08
122 50.52 1.08443e+08
122 51.07 1.1434e+08
122 67.43 1.31259e+08
122 77.96 1.4919e+08
122 89.61 1.62757e+08
122 83.66 1.73147e+08
123 31.75 1.1358e+08
123 31.75 1.1178e+08
123 31.75 1.03946e+08
123 31.46 1.03531e+08
123 31.46 1.00681e+08
123 31.46 9.8366e+07
123 31.46 9.73679e+07
123 31.46 9.56357e+07
123 27.63 9.46276e+07
123 34.52 9.19056e+07
123 34.52 9.49004e+07
123 34.52 9.32597e+07
123 41.27 9.80958e+07
123 53.65 1.10017e+08
123 59.23 1.27628e+08
123 62.01 1.48538e+08
123 65.43 1.63713e+08
123 60.99 1.73471e+08
124 33.54 1.1965e+08
124 33.54 1.18759e+08
124 34.28 1.13018e+08
124 33.54 1.1053e+08
124 30.83 1.04805e+08
124 30.83 1.0048e+08
124 30.83 9.71452e+07
124 30.83 9.29765e+07
124 30.83 9.10217e+07
124 30.83 9.22382e+07
124 30.83 9.14178e+07
124 30.8 9.06297e+07
124 33.45 8.92932e+07
124 33.45 9.00371e+07
124 33.45 9.18734e+07
124 33.45 9.86193e+07
124 33.45 1.05701e+08
124 33.45 1.1696e+08
125 97.12 9.94422e+07
125 97.12 9.73451e+07
125 90.39 9.48957e+07
125 87.07 9.12863e+07
125 88.45 8.63786e+07
125 81.06 8.32466e+07
125 75.57 8.21676e+07
125 57.18 8.06674e+07
125 57.18 8.18585e+07
125 57.18 8.16542e+07
125 57.18 8.41589e+07
125 55.41 8.77966e+07
125 65.79 9.10223e+07
125 67.06 9.43976e+07
125 67.06 1.00456e+08
125 67.06 1.07772e+08
125 67.06 1.16851e+08
125 69.2 1.2485e+08
126 60.22 1.16556e+08
126 60.22 1.15238e+08
126 60.22 1.09283e+08
126 60.22 1.07769e+08
126 60.22 1.01105e+08
126 58.02 1.00626e+08
126 58.02 9.83285e+07
126 54.32 9.69207e+07
126 60.22 9.50197e+07
126 66.56 9.75777e+07
126 65.5 1.01005e+08
126 64.23 1.05494e+08
126 33.93 1.09851e+08
126 33.93 1.26275e+08
126 46.97 1.422e+08
126 48.46 1.64952e+08
126 68.7 1.7712e+08
126 77.52 1.86389e+08
127 89.24 1.20648e+08
127 74.12 1.16796e+08
127 73.51 1.11351e+08
127 73.51 1.0805e+08
127 73.28 1.03829e+08
127 73.28 1.00272e+08
127 73.28 9.73956e+07
127 73.28 9.57442e+07
127 73.28 9.81851e+07
127 73.28 9.94315e+07
127 73.51 1.01585e+08
127 73.51 1.04015e+08
127 47.92 1.10122e+08
127 49.5 1.22446e+08
127 55.62 1.39969e+08
127 56.17 1.59813e+08
127 95.86 1.73234e+08
127 95.86 1.82622e+08
128 41.2 1.12798e+08
128 41.2 1.08709e+08
128 41.2 1.02962e+08
128 41.2 1.00101e+08
128 40.91 9.59807e+07
128 40.91 9.36342e+07
128 40.91 9.24795e+07
128 40.91 9.06556e+07
128 40.91 8.8392e+07
128 40.91 8.875e+07
128 36.9 9.36084e+07
128 40.8 9.60553e+07
128 58.76 1.01736e+08
128 58.76 1.13384e+08
128 59 1.28741e+08
128 65.54 1.46873e+08
128 65.65 1.61036e+08
128 67 1.69522e+08
129 40.84 1.18275e+08
129 40.84 1.14218e+08
129 40.84 1.07669e+08
129 40.84 1.06853e+08
129 37.05 1.01106e+08
129 37.05 9.81404e+07
129 37.05 9.71715e+07
129 37.05 9.43073e+07
129 37.05 9.45752e+07
129 37.05 9.44941e+07
129 37.05 9.62728e+07
129 37.05 9.91004e+07
129 57.05 1.06405e+08
129 56.16 1.19919e+08
129 67.77 1.36531e+08
129 97.57 1.53392e+08
129 96.11 1.66089e+08
129 87.17 1.77896e+08
130 69.21 1.04817e+08
130 52.45 9.86285e+07
130 52.07 9.45217e+07
130 52.07 9.26671e+07
130 52.07 9.06083e+07
130 51.11 8.66005e+07
130 50.23 8.56321e+07
130 50.23 8.45781e+07
130 50.23 8.16624e+07
130 50.23 8.28924e+07
130 50.23 8.49196e+07
130 50.23 8.64427e+07
130 45.09 8.76802e+07
130 56.7 1.00167e+08
130 60.62 1.11926e+08
130 64.02 1.30196e+08
130 70.26 1.44366e+08
130 66.06 1.58493e+08
131 54.97 1.14322e+08
131 54.97 1.10035e+08
131 54.37 1.05379e+08
131 48.48 1.01893e+08
131 48.48 9.65722e+07
131 48.48 9.55299e+07
131 48.48 9.3519e+07
131 48.48 9.09524e+07
131 48.48 9.03114e+07
131 54.37 9.19279e+07
131 54.37 9.14269e+07
131 54.37 9.44305e+07
131 32.97 9.57556e+07
131 32.97 1.06731e+08
131 43.36 1.22228e+08
131 47.55 1.40181e+08
131 49.15 1.50639e+08
131 49.68 1.6465e+08
132 40.6 1.01968e+08
132 39.4 9.6558e+07
132 39.4 9.23488e+07
132 39.4 8.83108e+07
132 39.4 8.53555e+07
132 39.4 8.21575e+07
132 39.12 8.01677e+07
132 39.12 7.83448e+07
132 39.12 7.61503e+07
132 39.12 7.8349e+07
132 37.92 7.83474e+07
132 40.3 7.92792e+07
132 33.1 8.21898e+07
132 43.52 9.79467e+07
132 44.45 1.14282e+08
132 45.37 1.34509e+08
132 89.77 1.49167e+08
132 89.85 1.60711e+08
133 50.25 1.06135e+08
133 38.91 9.99843e+07
133 38.16 9.48175e+07
133 38.16 9.2181e+07
133 38.16 9.18259e+07
133 38.16 8.96541e+07
133 37.88 8.65958e+07
133 37.88 8.62006e+07
133 37.88 8.33847e+07
133 37.88 8.62638e+07
133 37.88 8.55041e+07
133 31.72 9.15728e+07
133 51.33 9.63457e+07
133 52.62 1.07942e+08
133 63.79 1.18941e+08
133 72.94 1.34742e+08
133 91.78 1.4871e+08
133 80.2 1.62624e+08
134 70.33 9.85358e+07
134 70.33 9.33183e+07
134 70.33 9.07934e+07
134 63.75 8.80463e+07
134 63.75 8.60581e+07
134 63.75 8.37617e+07
134 63.75 8.14573e+07
134 63.75 7.85365e+07
134 63.75 7.76655e+07
134 72.12 7.77866e+07
134 67.76 7.77855e+07
134 72.12 8.06426e+07
134 32.91 7.98888e+07
134 44.47 9.33812e+07
134 46 1.08134e+08
134 49.5 1.27125e+08
134 64.04 1.41832e+08
134 66.19 1.55713e+08
135 30.36 1.1943e+08
135 30.36 1.11445e+08
135 30.36 1.06729e+08
135 25.15 1.02235e+08
135 25.15 9.71769e+07
135 30.36 9.6591e+07
135 30.36 9.25043e+07
135 25.15 8.78576e+07
135 25.15 8.60182e+07
135 25.15 8.65836e+07
135 25.15 8.71239e+07
135 30.36 8.72339e+07
135 28.64 8.99746e+07
135 28.64 9.68444e+07
135 32.28 1.03419e+08
135 36.41 1.13093e+08
135 41.56 1.23957e+08
135 46.64 1.34917e+08
136 30.63 1.13559e+08
136 30.63 1.06898e+08
136 21.54 1.0201e+08
136 19.99 9.84321e+07
136 19.99 9.55672e+07
136 22.55 9.16658e+07
136 19.99 8.91591e+07
136 21.54 8.58029e+07
136 21.54 8.53807e+07
136 21.54 8.68843e+07
136 21.54 8.22393e+07
136 21.54 8.20645e+07
136 17.06 8.31898e+07
136 18.44 8.76848e+07
136 18.55 9.10748e+07
136 21.54 9.63598e+07
136 28 1.04568e+08
136 27.16 1.15621e+08
137 42.19 1.02672e+08
137 39.96 9.43539e+07
137 41.82 8.83127e+07
137 39.96 8.72019e+07
137 39.96 8.47738e+07
137 39.96 8.29586e+07
137 39.96 8.20151e+07
137 39.96 8.04538e+07
137 39.96 8.04933e+07
137 39.68 8.06415e+07
137 39.68 8.06833e+07
137 39.68 8.62581e+07
137 39.12 9.00898e+07
137 42.54 1.07192e+08
137 42.54 1.20511e+08
137 57.05 1.38844e+08
137 66.32 1.48855e+08
137 69.36 1.60734e+08
138 56.8 1.05546e+08
138 55.38 9.84973e+07
138 55.38 9.24489e+07
138 55.38 8.90301e+07
138 55.38 8.68972e+07
138 55.38 8.59254e+07
138 55.38 8.44762e+07
138 55.38 8.07172e+07
138 55.38 7.93052e+07
138 55.11 7.92448e+07
138 55.11 7.52343e+07
138 55.11 7.49204e+07
138 42.11 7.49468e+07
138 40.59 8.03264e+07
138 42.11 8.935e+07
138 40.59 1.00798e+08
138 42.11 1.11945e+08
138 56.06 1.21029e+08
139 37.61 1.12371e+08
139 36.72 1.05244e+08
139 36.65 9.79982e+07
139 36.18 9.393e+07
139 36.18 8.89086e+07
139 36.18 8.74644e+07
139 36.18 8.63737e+07
139 36.18 8.37864e+07
139 36.18 8.25069e+07
139 31.33 8.3908e+07
139 37.61 8.3204e+07
139 37.61 8.64785e+07
139 31.92 8.74826e+07
139 31.92 9.71801e+07
139 46.19 1.11288e+08
139 48.56 1.32272e+08
139 80.11 1.45586e+08
139 115.21 1.5449e+08
140 58.49 9.55818e+07
140 58.49 8.74992e+07
140 41.69 8.14563e+07
140 40.31 7.61681e+07
140 42.85 7.30165e+07
140 40.31 7.08038e+07
140 39.37 6.80121e+07
140 39.37 6.96749e+07
140 40.31 6.85405e+07
140 40.31 6.91125e+07
140 39.37 7.25024e+07
140 39.37 7.10758e+07
140 30.49 6.81601e+07
140 30.49 7.72286e+07
140 30.49 8.62744e+07
140 31.71 1.0247e+08
140 31.94 1.14976e+08
140 45.94 1.29653e+08
141 49.41 1.09099e+08
141 48.2 9.8827e+07
141 48.2 9.36271e+07
141 48.2 8.94128e+07
141 48.2 8.66792e+07
141 48.2 8.39309e+07
141 48.2 8.38124e+07
141 48.2 8.27839e+07
141 48.2 8.2356e+07
141 46.7 8.00297e+07
141 49.41 8.0358e+07
141 48.2 7.95272e+07
141 47.29 7.81693e+07
141 47.29 8.69784e+07
141 59.55 9.88007e+07
141 65.33 1.19976e+08
141 66.31 1.36148e+08
141 66.44 1.51446e+08
142 47.29 1.05852e+08
142 47.29 9.63829e+07
142 45.25 8.73753e+07
142 45.25 8.5199e+07
142 44.01 8.41326e+07
142 44.01 8.2121e+07
142 44.01 8.16468e+07
142 44.01 8.07808e+07
142 44.01 7.97155e+07
142 44.01 7.8903e+07
142 44.01 7.87474e+07
142 44.01 7.5285e+07
142 30.38 7.75327e+07
142 31.63 8.65134e+07
142 45.79 1.04298e+08
142 48.22 1.2062e+08
142 48.5 1.34259e+08
142 48.5 1.49834e+08
143 76.37 9.61703e+07
143 76.37 8.98335e+07
143 71.76 8.6073e+07
143 76.37 8.20863e+07
143 74.07 8.19976e+07
143 74.07 7.96098e+07
143 74.07 7.83127e+07
143 74.07 7.8017e+07
143 74.07 7.79537e+07
143 74.07 7.78414e+07
143 74.07 8.23951e+07
143 74.07 8.18424e+07
143 32.6 8.16397e+07
143 40.48 9.1665e+07
143 46.95 1.05808e+08
143 48.85 1.1933e+08
143 48.85 1.359e+08
143 105.12 1.50815e+08
144 32.54 1.15246e+08
144 30.24 1.04131e+08
144 29.97 9.96492e+07
144 29.97 9.67616e+07
144 29.97 9.31803e+07
144 29.97 9.34888e+07
144 29.97 9.31098e+07
144 25.03 9.30567e+07
144 25.03 9.34806e+07
144 25.03 9.39985e+07
144 30.33 9.17604e+07
144 32.54 8.8811e+07
144 32.57 8.77263e+07
144 35.27 9.50328e+07
144 48.25 1.06811e+08
144 49.72 1.25526e+08
144 98.48 1.38588e+08
144 98.48 1.52838e+08
145 40.05 9.98856e+07
145 36.16 9.26683e+07
145 32.68 8.71899e+07
145 32.68 8.45567e+07
145 30.19 8.06578e+07
145 29.55 7.85672e+07
145 29.55 7.76648e+07
145 29.29 7.60162e+07
145 29.29 7.64744e+07
145 26.43 7.9891e+07
145 32.68 7.72583e+07
145 36.16 7.74185e+07
145 47.6 7.55934e+07
145 60.96 8.49045e+07
145 69.43 9.84613e+07
145 76.71 1.13525e+08
145 77.42 1.2915e+08
145 72.83 1.43148e+08
146 82.36 9.8437e+07
146 82.36 9.20116e+07
146 79.26 8.6294e+07
146 79.26 8.07055e+07
146 78.99 7.78849e+07
146 78.99 7.61165e+07
146 78.99 7.60433e+07
146 78.99 7.61316e+07
146 78.99 7.41325e+07
146 78.4 7.59969e+07
146 76.48 8.05139e+07
146 82.36 7.8024e+07
146 32.38 8.28078e+07
146 48.03 8.6223e+07
146 48.03 1.00592e+08
146 48.03 9.4436e+07
146 48.81 1.28354e+08
146 91.99 1.42692e+08
147 64.56 1.07151e+08
147 63.76 9.81866e+07
147 58.89 9.29194e+07
147 61.19 8.96428e+07
147 58.89 8.60159e+07
147 55.4 8.26905e+07
147 55.4 8.02988e+07
147 55.4 8.05391e+07
147 55.4 8.14371e+07
147 60.39 8.20148e+07
147 58.89 8.2379e+07
147 64.56 7.95648e+07
147 32.38 8.01214e+07
147 32.38 8.60342e+07
147 47.59 9.9324e+07
147 48.29 1.18203e+08
147 48.84 1.3262e+08
147 103.09 1.47164e+08
148 84.59 1.08764e+08
148 84.41 1.02885e+08
148 81.68 9.76337e+07
148 81.68 9.5926e+07
148 81.68 9.16596e+07
148 81.68 8.85738e+07
148 81.68 8.44777e+07
148 81.68 8.24844e+07
148 81.41 8.15801e+07
148 81.68 8.2178e+07
148 81.14 8.23511e+07
148 81.68 8.11493e+07
148 35.24 8.01833e+07
148 32.2 7.87496e+07
148 35.42 8.23705e+07
148 38.63 8.766e+07
148 53.86 9.56885e+07
148 47.16 1.07366e+08
149 59.46 1.06301e+08
149 56.34 9.75951e+07
149 62.59 9.03293e+07
149 59.46 8.48329e+07
149 62.31 8.33523e+07
149 56.34 8.05878e+07
149 56.34 7.88677e+07
149 56.34 7.74e+07
149 56.34 7.7636e+07
149 56.34 7.87289e+07
149 62.59 8.0901e+07
149 62.59 8.22496e+07
149 55.98 8.34737e+07
149 55.98 9.06675e+07
149 74.31 1.05442e+08
149 79.5 1.22389e+08
149 79.72 1.36273e+08
149 79.75 1.5069e+08
150 55.26 9.94233e+07
150 55.26 9.51134e+07
150 39.28 8.88917e+07
150 42.31 8.57263e+07
150 35.85 8.17515e+07
150 42.43 8.02486e+07
150 39.27 7.85056e+07
150 39.27 7.75362e+07
150 39.28 7.59919e+07
150 39.27 7.56192e+07
150 39.27 7.64499e+07
150 39 7.56956e+07
150 34.79 7.39541e+07
150 41.18 7.20497e+07
150 41.64 7.62482e+07
150 42.19 8.19076e+07
150 53.11 9.17878e+07
150 53.11 1.01929e+08
151 29.33 1.10421e+08
151 26.44 1.04769e+08
151 32.49 9.81414e+07
151 29.33 9.47708e+07
151 29.33 9.13547e+07
151 29.33 8.7295e+07
151 29.33 8.48485e+07
151 29.33 8.3787e+07
151 23.28 8.21299e+07
151 30.19 8.26117e+07
151 26.44 8.28764e+07
151 32.49 8.73551e+07
151 34.32 9.04678e+07
151 35.61 9.82083e+07
151 46.23 1.11232e+08
151 47.78 1.32244e+08
151 48.34 1.48548e+08
151 51.38 1.59045e+08
152 61.74 9.82095e+07
152 60.01 9.39614e+07
152 60.01 9.13801e+07
152 59.73 8.49074e+07
152 59.73 8.27011e+07
152 59.73 7.87773e+07
152 59.73 7.81672e+07
152 59.73 7.74351e+07
152 59.73 7.81157e+07
152 59.73 7.8285e+07
152 58 8.09308e+07
152 61.74 8.21334e+07
152 32.61 8.60525e+07
152 46.05 9.25367e+07
152 48.25 1.05424e+08
152 51.63 1.24944e+08
152 51.22 1.42565e+08
152 50.74 1.5415e+08
153 44.72 1.18575e+08
153 33.45 1.10751e+08
153 33.45 1.03504e+08
153 33.45 9.68468e+07
153 32.44 9.3368e+07
153 32.44 9.12085e+07
153 32.44 8.90305e+07
153 32.44 8.57183e+07
153 32.44 8.4114e+07
153 32.44 8.44e+07
153 32.44 8.49312e+07
153 32.44 8.51646e+07
153 33.54 8.77292e+07
153 34.29 9.06747e+07
153 34.29 9.4703e+07
153 32.99 1.04388e+08
153 32.99 1.16217e+08
153 47.44 1.31603e+08
154 56.36 9.43646e+07
154 56.35 8.84683e+07
154 55.85 8.38679e+07
154 54.59 7.91572e+07
154 54.59 8.13617e+07
154 52.78 7.94258e+07
154 52.78 7.69344e+07
154 52.78 7.6483e+07
154 52.78 7.69045e+07
154 52.78 7.7148e+07
154 52.78 7.95105e+07
154 54.59 8.25393e+07
154 48.04 8.48123e+07
154 50.17 9.44187e+07
154 50.54 1.09763e+08
154 91.44 1.32521e+08
154 106.16 1.4556e+08
154 112.81 1.53821e+08
155 63.67 1.07437e+08
155 54.09 9.87586e+07
155 47.63 9.19891e+07
155 44.79 8.63685e+07
155 44.79 8.44136e+07
155 44.79 8.05922e+07
155 44.79 8.00854e+07
155 42.51 7.83549e+07
155 42.51 7.70368e+07
155 42.51 7.71322e+07
155 42.51 7.78709e+07
155 44.79 7.84109e+07
155 33.7 7.95477e+07
155 37.49 8.16014e+07
155 33.7 8.52109e+07
155 49.33 9.54463e+07
155 50.09 1.09757e+08
155 51.82 1.24991e+08
156 50.34 1.04555e+08
156 50.34 9.96283e+07
156 50.34 9.80279e+07
156 38.32 9.56421e+07
156 38.32 9.34113e+07
156 33.94 9.30728e+07
156 31.74 9.16902e+07
156 31.45 9.11358e+07
156 31.45 9.28796e+07
156 28.47 9.44971e+07
156 30.03 9.70244e+07
156 28.47 1.00399e+08
156 33.92 1.05156e+08
156 33.92 1.15271e+08
156 50.37 1.33223e+08
156 51.28 1.53606e+08
156 52.12 1.66438e+08
156 52.12 1.72753e+08
157 69.98 1.10113e+08
157 58.18 1.0219e+08
157 52.03 9.55864e+07
157 52.03 9.20469e+07
157 52.03 8.58793e+07
157 51.21 8.26016e+07
157 49.97 7.92117e+07
157 49.97 7.74975e+07
157 52.03 7.41724e+07
157 52.03 7.31055e+07
157 52.03 7.6502e+07
157 52.03 7.69942e+07
157 62.88 7.94915e+07
157 62.88 8.31865e+07
157 62.88 8.86515e+07
157 69.44 9.59796e+07
157 70.23 1.08938e+08
157 70.41 1.22946e+08
158 62.31 1.03663e+08
158 61.11 9.66325e+07
158 52.37 9.06619e+07
158 52.37 8.68169e+07
158 52.37 8.37972e+07
158 52.37 7.97908e+07
158 52.37 7.76247e+07
158 52.37 7.69282e+07
158 52.37 7.71347e+07
158 52.37 7.74772e+07
158 52.37 7.96182e+07
158 52.37 8.29971e+07
158 48.98 9.29404e+07
158 49.92 1.08376e+08
158 55.85 1.26488e+08
158 63.9 1.48499e+08
158 68.81 1.61612e+08
158 71.73 1.68704e+08
159 56.25 1.20926e+08
159 56.25 1.14234e+08
159 48.78 1.07464e+08
159 42.48 1.01198e+08
159 41.49 9.86222e+07
159 41.49 9.50827e+07
159 41.49 9.04046e+07
159 38.38 8.78203e+07
159 41.49 8.87167e+07
159 41.49 8.93411e+07
159 41.49 9.3137e+07
159 41.49 9.02729e+07
159 51.92 9.42907e+07
159 58.36 9.62084e+07
159 58.36 9.99892e+07
159 64.76 1.05881e+08
159 65.55 1.17647e+08
159 66.58 1.30732e+08
160 51.21 1.19748e+08
160 48.96 1.15871e+08
160 48.96 1.10464e+08
160 48.96 1.05448e+08
160 48.95 1.02467e+08
160 48.68 9.77906e+07
160 48.67 9.42868e+07
160 48.68 9.31011e+07
160 48.67 9.25373e+07
160 45.53 9.27576e+07
160 51.82 9.83193e+07
160 48.68 9.94296e+07
160 34.21 1.0052e+08
160 34.21 1.03815e+08
160 34.21 1.04415e+08
160 34.21 1.08329e+08
160 34.21 1.16656e+08
160 38.02 1.27793e+08
161 35.09 1.13867e+08
161 35.09 1.09343e+08
161 31.51 1.04335e+08
161 31.51 9.97078e+07
161 31.51 9.73357e+07
161 31.23 9.35156e+07
161 31.23 9.12828e+07
161 11.91 9.02697e+07
161 19.04 8.89578e+07
161 19.04 9.07545e+07
161 12.43 9.34989e+07
161 35.09 9.6723e+07
161 42.36 1.03518e+08
161 48.9 1.16943e+08
161 67.19 1.34572e+08
161 67.19 1.52149e+08
161 67.19 1.62156e+08
161 67.19 1.67926e+08
162 49.61 1.11817e+08
162 65.27 1.04757e+08
162 61.16 9.56571e+07
162 58.45 9.03556e+07
162 55.74 8.84682e+07
162 61.16 8.49772e+07
162 58.45 8.30466e+07
162 58.45 8.15119e+07
162 58.45 8.2507e+07
162 58.45 8.34187e+07
162 55.46 8.62339e+07
162 61.16 8.90905e+07
162 62.76 9.30236e+07
162 63.98 1.0735e+08
162 70.64 1.27264e+08
162 80.77 1.47921e+08
162 82.76 1.62411e+08
162 79.37 1.70089e+08
163 38.66 1.15602e+08
163 38.58 1.11721e+08
163 44.72 1.06397e+08
163 38.66 1.01982e+08
163 38.58 9.68885e+07
163 38.58 9.28404e+07
163 35.03 8.88145e+07
163 38.58 8.80253e+07
163 38.58 8.44285e+07
163 38.58 8.31555e+07
163 38.66 8.38612e+07
163 38.58 8.42208e+07
163 33.68 8.76802e+07
163 34 9.05229e+07
163 46.7 9.52006e+07
163 46.7 1.00441e+08
163 46.7 1.06777e+08
163 46.7 1.15678e+08
164 41.52 1.20452e+08
164 47.79 1.16387e+08
164 39.79 1.11008e+08
164 47.79 1.0626e+08
164 47.79 1.03865e+08
164 47.79 9.97433e+07
164 39.79 9.80316e+07
164 47.79 9.53788e+07
164 39.9 9.49664e+07
164 39.79 9.80093e+07
164 47.79 1.00415e+08
164 47.79 1.03934e+08
164 33.92 1.09258e+08
164 47.46 1.24168e+08
164 49 1.42723e+08
164 50.88 1.63855e+08
164 51.53 1.73598e+08
164 51.53 1.8036e+08
165 34.55 1.19395e+08
165 33.92 1.14168e+08
165 30.88 1.1098e+08
165 30.88 1.07681e+08
165 30.88 1.05081e+08
165 28 1.03062e+08
165 28 1.03209e+08
165 23.66 1.02405e+08
165 20.8 1.01808e+08
165 20 1.03132e+08
165 20.12 1.05828e+08
165 28 1.06738e+08
165 33.83 1.13912e+08
165 47.94 1.25944e+08
165 48.53 1.44839e+08
165 52.39 1.67483e+08
165 56.15 1.84801e+08
165 54.49 1.8886e+08
166 45.92 1.16233e+08
166 45.92 1.14384e+08
166 42.88 1.08261e+08
166 42.6 1.04156e+08
166 42.6 1.00679e+08
166 42.6 9.7848e+07
166 42.6 9.687e+07
166 42.6 9.54947e+07
166 42.6 9.39854e+07
166 42.6 9.46728e+07
166 42.6 9.3712e+07
166 45.92 9.57443e+07
166 52.7 1.02613e+08
166 53.13 1.18196e+08
166 54.76 1.3808e+08
166 57.85 1.61547e+08
166 517.4 1.77146e+08
166 56.85 1.80708e+08
167 31.03 1.19389e+08
167 31.96 1.18807e+08
167 31.49 1.06517e+08
167 31.21 1.01893e+08
167 22.52 1.01486e+08
167 22.88 9.74117e+07
167 23.93 9.6212e+07
167 22.52 9.38563e+07
167 22.26 9.44572e+07
167 20 9.37254e+07
167 20.49 9.09327e+07
167 21.14 9.35752e+07
167 20 9.37135e+07
167 19 9.6648e+07
167 10 1.01101e+08
167 20 1.04855e+08
167 20 1.1267e+08
167 28.57 1.19155e+08
168 41.72 1.41357e+08
168 36.24 1.30498e+08
168 36.24 1.24535e+08
168 35.83 1.16766e+08
168 31.78 1.12635e+08
168 31.78 1.07119e+08
168 31.78 1.04271e+08
168 31.78 1.03402e+08
168 31.78 1.01799e+08
168 31.5 1.01792e+08
168 31.78 9.97425e+07
168 31.5 1.00986e+08
168 36.23 1.02526e+08
168 36.23 1.05601e+08
168 40.82 1.09746e+08
168 41.22 1.18558e+08
168 36.19 1.24586e+08
168 47.48 1.34074e+08
169 33.96 1.39046e+08
169 30.47 1.31655e+08
169 30.29 1.28613e+08
169 30.29 1.22678e+08
169 30.02 1.16578e+08
169 30.02 1.13353e+08
169 20.29 1.12074e+08
169 20.29 1.10608e+08
169 20.29 1.09273e+08
169 20.29 1.09667e+08
169 20.29 1.10219e+08
169 30.02 1.15595e+08
169 30.47 1.24559e+08
169 33.85 1.3829e+08
169 51.24 1.57492e+08
169 51.24 1.76105e+08
169 51.24 1.83324e+08
169 51.24 1.85439e+08
170 34.41 1.35986e+08
170 42.32 1.29573e+08
170 34.41 1.25271e+08
170 30.86 1.19708e+08
170 30.86 1.16506e+08
170 30.86 1.13262e+08
170 30.86 1.10664e+08
170 30.86 1.0846e+08
170 30.86 1.09761e+08
170 30.86 1.09157e+08
170 30.86 1.10558e+08
170 42.32 1.11928e+08
170 48.96 1.18731e+08
170 52.96 1.29842e+08
170 60.79 1.52266e+08
170 60.45 1.75284e+08
170 57.76 1.8461e+08
170 56.88 1.86924e+08
171 57.27 1.27747e+08
171 48.98 1.18191e+08
171 48.98 1.12801e+08
171 42.23 1.0628e+08
171 42.23 1.02706e+08
171 42.23 9.89413e+07
171 39.28 9.85453e+07
171 39.28 9.84739e+07
171 38.52 1.01179e+08
171 38.52 1.03502e+08
171 39.28 1.07411e+08
171 39.28 1.11018e+08
171 35.68 1.17073e+08
171 51.97 1.30504e+08
171 54.86 1.50529e+08
171 58.76 1.73867e+08
171 58.76 1.84902e+08
171 54.86 1.88054e+08
172 41.03 1.43718e+08
172 41.03 1.34765e+08
172 33.85 1.28686e+08
172 33.85 1.2545e+08
172 31.29 1.21643e+08
172 31.29 1.18526e+08
172 31.29 1.16535e+08
172 31.29 1.15025e+08
172 31.29 1.15574e+08
172 31.29 1.1487e+08
172 31.29 1.15815e+08
172 33.85 1.18193e+08
172 44.99 1.16698e+08
172 51.3 1.29912e+08
172 56.4 1.49824e+08
172 66.08 1.72746e+08
172 59.14 1.8669e+08
172 59.14 1.83089e+08
173 55.38 1.44129e+08
173 55.38 1.34757e+08
173 51.85 1.26884e+08
173 50.53 1.2039e+08
173 50.53 1.13798e+08
173 50.24 1.084e+08
173 50.24 1.04635e+08
173 50.24 1.01003e+08
173 50.24 1.01747e+08
173 50.24 9.99033e+07
173 50.24 1.01271e+08
173 50.24 1.00752e+08
173 50.6 1.04127e+08
173 51.24 1.09508e+08
173 54.12 1.16373e+08
173 58.72 1.261e+08
173 56.36 1.33716e+08
173 73.69 1.39657e+08
174 50.08 1.44517e+08
174 37.96 1.36033e+08
174 37.96 1.29572e+08
174 33.68 1.24034e+08
174 33.68 1.1931e+08
174 33.68 1.17219e+08
174 27.36 1.15672e+08
174 33.68 1.14975e+08
174 32.3 1.14884e+08
174 32.3 1.13313e+08
174 32.31 1.15389e+08
174 33.68 1.17e+08
174 36.11 1.23367e+08
174 50.42 1.36244e+08
174 50.42 1.57486e+08
174 50.62 1.80135e+08
174 51.58 1.93525e+08
174 50.62 1.9299e+08
175 32.3 1.44097e+08
175 30.76 1.35668e+08
175 30.76 1.29417e+08
175 30.48 1.22535e+08
175 30.48 1.18169e+08
175 30.48 1.1471e+08
175 20.33 1.12923e+08
175 11.96 1.11264e+08
175 20.33 1.11097e+08
175 30.48 1.09622e+08
175 30.48 1.11421e+08
175 30.48 1.12929e+08
175 32.3 1.16628e+08
175 32.3 1.32533e+08
175 49.54 1.54156e+08
175 50.98 1.76191e+08
175 60.87 1.87076e+08
175 63.46 1.85466e+08
176 45.72 1.46343e+08
176 46.32 1.3667e+08
176 46.16 1.29754e+08
176 46.16 1.21264e+08
176 46.16 1.14469e+08
176 46.16 1.09889e+08
176 45.44 1.08243e+08
176 46.32 1.04841e+08
176 46.16 1.01922e+08
176 46.16 1.00066e+08
176 46 1.01977e+08
176 46.32 1.05355e+08
176 34.96 1.16048e+08
176 50.43 1.29973e+08
176 53.91 1.51151e+08
176 63.85 1.76553e+08
176 76.89 1.93954e+08
176 76.89 1.96335e+08
177 51.17 1.5086e+08
177 38 1.42334e+08
177 36.42 1.36596e+08
177 34.26 1.29999e+08
177 32 1.27158e+08
177 30.91 1.23062e+08
177 30.65 1.22177e+08
177 30.65 1.18974e+08
177 30.65 1.19265e+08
177 30.65 1.17433e+08
177 30.91 1.189e+08
177 30.91 1.23114e+08
177 36.98 1.32433e+08
177 36.98 1.45481e+08
177 52.83 1.62452e+08
177 52.83 1.87755e+08
177 52.83 2.01038e+08
177 52.83 1.99264e+08
178 30.91 1.4586e+08
178 30.6 1.37425e+08
178 30.6 1.32683e+08
178 30.6 1.27586e+08
178 30.6 1.19754e+08
178 30.32 1.13286e+08
178 20 1.10971e+08
178 20 1.09274e+08
178 20 1.08318e+08
178 20 1.08448e+08
178 30.32 1.12118e+08
178 30.32 1.12832e+08
178 31.5 1.18551e+08
178 31.5 1.22127e+08
178 31.5 1.31059e+08
178 31.5 1.40332e+08
178 35.63 1.49243e+08
178 35.63 1.54231e+08
