0 44.26 31.3058
0 44.26 31.3286
0 44.26 31.4317
0 44.26 31.4957
0 44.26 31.209
0 44.26 29.7393
0 42.15 29.7202
0 42.15 29.5768
0 42.15 29.4043
0 42.15 29.2856
1 50.49 45.3697
1 36.13 45.1174
1 35.44 35.0126
1 33.1 34.6907
1 33.1 33.1878
1 27.92 34.0218
1 27.92 32.7445
1 27.92 31.5699
1 35.44 33.7225
1 27.92 33.4072
2 60.63 41.3126
2 60.36 41.2449
2 59.7 41.063
2 59.7 40.967
2 59.7 40.7679
2 59.7 40.466
2 59.21 39.9493
2 59.21 39.7825
2 59.21 39.9221
2 59.21 39.7353
3 56.16 36.4986
3 60.13 36.0695
3 60.13 35.9094
3 56.16 35.6219
3 56.16 31.5376
3 56.16 35.1777
3 56.16 35.0356
3 56.16 35.0784
3 56.16 31.3665
3 56.16 31.4963
4 49.56 51.6051
4 49.28 50.885
4 49.28 47.2483
4 49.28 43.196
4 49.28 41.4391
4 49.28 41.3185
4 34.77 42.4158
4 34.77 42.1941
4 32.94 42.1407
4 32.94 42.1668
5 57.55 43.5249
5 57.55 43.1229
5 57.41 43.0163
5 58.45 33.8605
5 57.41 33.6896
5 56.42 33.5368
5 53.95 33.3173
5 53.01 33.0887
5 53.84 33.0355
5 54.88 32.6956
6 44.47 27.8722
6 44.47 27.5718
6 44.47 30.3795
6 44.47 30.0869
6 44.47 26.912
6 44.47 26.968
6 41.42 26.7376
6 39.73 25.9455
6 40.21 25.7779
6 39.29 25.8643
7 58.77 40.0179
7 58.77 39.6443
7 58.62 39.4774
7 57.16 39.0749
7 57.16 38.8029
7 57.16 38.8075
7 56.87 38.4644
7 56.87 38.5656
7 56.87 38.3553
7 56.87 38.0907
8 45.64 39.1268
8 45.64 38.4267
8 35.76 38.4649
8 35.76 38.1001
8 33.73 36.4048
8 33.73 36.1058
8 33.73 35.9288
8 33.73 35.8639
8 33.73 35.7161
8 33.73 35.8576
9 56.62 39.9621
9 52.98 33.8329
9 40.47 33.3185
9 40.47 31.881
9 40.47 31.704
9 40.47 31.2626
9 40.47 31.0799
9 40.18 30.9677
9 40.18 30.8337
9 40.18 30.8641
10 54.97 32.3839
10 54.97 31.7383
10 54.37 30.3482
10 48.48 30.1215
10 48.48 29.9975
10 48.48 29.6749
10 48.48 29.6996
10 48.48 29.6702
10 48.48 29.716
10 54.37 30.0635
11 50.25 36.6202
11 38.91 35.0648
11 38.16 34.638
11 38.16 34.039
11 38.16 33.2187
11 38.16 32.9255
11 37.88 32.7262
11 37.88 32.1243
11 37.88 32.0974
11 37.88 32.1068
12 75.89 40.1898
12 71.87 40.2244
12 69.62 38.7751
12 66.25 38.7461
12 64.88 38.8963
12 61.89 38.7744
12 49.72 38.9073
12 49.72 39.0481
12 49.72 38.9142
12 49.72 38.8883
13 70.33 45.4458
13 70.33 45.2711
13 70.33 44.6985
13 63.75 44.5411
13 63.75 44.094
13 63.75 43.9693
13 63.75 43.9513
13 63.75 43.8367
13 63.75 43.9358
13 72.12 44.2269
14 51.76 48.9297
14 49.97 44.4011
14 40.15 40.4036
14 39.47 39.1246
14 39.47 38.571
14 39.47 39.0143
14 38.18 37.7038
14 38.76 37.6415
14 38.74 37.618
14 38.18 37.6195
15 30.36 32.9343
15 30.36 26.401
15 30.36 24.9876
15 25.15 24.3367
15 25.15 23.8824
15 30.36 23.4553
15 30.36 20.4049
15 25.15 20.2825
15 25.15 19.9829
15 25.15 19.9444
16 30.63 23.8798
16 30.63 23.6052
16 21.54 23.1944
16 19.99 22.04
16 19.99 21.5176
16 22.55 21.4327
16 19.99 21.283
16 21.54 18.2477
16 21.54 17.9632
16 21.54 17.8297
17 56.8 49.4739
17 55.38 42.8408
17 55.38 41.3737
17 55.38 40.9788
17 55.38 40.993
17 55.38 40.8488
17 55.38 40.7213
17 55.38 40.167
17 55.38 40.2799
17 55.11 40.2483
18 49.62 24.6486
18 47.36 24.5518
18 47.36 23.5013
18 47.36 23.648
18 47.36 23.6326
18 47.36 23.6627
18 47.36 23.7089
18 47.36 24.0496
18 47.36 23.9576
18 47.36 24.0806
19 44.75 39.2899
19 33.14 38.8932
19 31.23 31.4506
19 36.17 30.3801
19 32.23 30.1658
19 31.23 30.0403
19 31.23 27.1725
19 31.23 32.6021
19 31.23 30.3852
19 31.23 29.4257
20 46.9 40.8983
20 46.9 34.8202
20 36.15 31.8571
20 31.37 31.9225
20 36.15 31.8301
20 32.01 31.6692
20 31.37 31.45
20 31.37 31.3403
20 31.37 31.3604
20 31.37 31.315
21 45 44.2419
21 34.51 42.8381
21 31.47 39.5444
21 34.77 35.1345
21 32.16 34.7311
21 31.47 34.1023
21 30.37 34.3859
21 31.47 34.2362
21 31.47 33.8274
21 31.47 33.7757
22 58.49 49.2019
22 58.49 39.0624
22 41.69 38.9548
22 40.31 38.9235
22 42.85 38.7796
22 40.31 38.4378
22 39.37 38.4043
22 39.37 37.9625
22 40.31 37.9283
22 40.31 37.6045
23 40.02 38.5869
23 33.95 31.9215
23 33.95 33.9414
23 31.63 31.4545
23 31.63 31.0533
23 31.63 31.1412
23 30.38 30.8462
23 30.38 29.9059
23 30.38 29.937
23 30.38 29.7196
24 40.41 45.586
24 31.45 37.283
24 30.38 37.7016
24 30.11 35.7703
24 30.38 35.3754
24 30.38 35.1837
24 30.11 34.3228
24 30.11 34.436
24 30.11 34.2661
24 30.11 33.6525
25 45.38 35.3776
25 44.35 35.1027
25 44.35 34.2208
25 44.35 33.2786
25 44.35 34.2585
25 44.35 33.5635
25 44.35 33.5045
25 44.35 33.4303
25 44.35 33.2921
25 44.35 33.1496
26 36.02 45.6692
26 32.33 41.2527
26 32.33 40.1815
26 30.57 36.8177
26 30.57 36.4829
26 30.57 36.4342
26 30.57 36.3168
26 30.57 35.2712
26 30.57 35.3296
26 30.57 35.1323
27 40.41 37.8091
27 42.66 37.245
27 40.41 36.997
27 40.41 36.7127
27 40.41 35.2702
27 39.24 35.1392
27 39.21 35.1567
27 39.21 34.9895
27 40.41 35.1667
27 40.41 34.9754
28 48.78 42.223
28 48.69 40.7551
28 47.08 37.7123
28 47.08 31.8128
28 32.25 31.7655
28 32.25 30.2903
28 32.25 30.0916
28 32.25 30.0167
28 32.25 30.1877
28 32.25 32.6582
29 46.95 40.5664
29 40.44 39.126
29 32.6 40.3169
29 33.09 40.0237
29 32.6 38.3517
29 32.6 37.8464
29 32.6 37.9059
29 32.6 37.6035
29 32.6 37.4821
29 32.6 37.4116
30 32.54 40.9857
30 30.24 32.972
30 29.97 30.0237
30 29.97 31.9619
30 29.97 30.2446
30 29.97 29.5981
30 29.97 29.2308
30 25.03 28.8864
30 25.03 28.725
30 25.03 28.6682
31 32.39 49.7495
31 32.39 52.4827
31 29.63 50.7236
31 29.63 50.3842
31 29.36 50.1452
31 29.36 49.8216
31 29.36 49.745
31 25.73 49.7128
31 25.73 48.7457
31 29.36 47.7183
32 54.4 39.9947
32 51.64 39.8412
32 51.64 38.1936
32 51.37 37.8247
32 47.99 37.3559
32 47.99 37.4711
32 51.37 37.4651
32 47.99 37.4691
32 49.24 37.4089
32 54.4 35.8013
33 44.01 32.0221
33 44.01 31.6124
33 44.01 31.3342
33 36.18 29.0534
33 36.18 28.5693
33 34.95 28.3189
33 34.95 28.436
33 34.95 28.3385
33 34.95 28.2922
33 40.94 28.4995
34 84.59 28.807
34 84.41 28.4177
34 81.68 28.1288
34 81.68 24.8105
34 81.68 24.8427
34 81.68 27.2021
34 81.68 26.2078
34 81.68 26.3559
34 81.41 26.4134
34 81.68 25.4373
35 59.46 33.8304
35 56.34 29.7432
35 62.59 31.8291
35 59.46 29.4976
35 62.31 29.1877
35 56.34 29.0675
35 56.34 29.0185
35 56.34 27.422
35 56.34 29.1688
35 56.34 29.2421
36 29.24 32.243
36 29.24 31.1972
36 29.24 29.2637
36 29.24 28.5958
36 29.24 28.5465
36 29.24 23.6043
36 19 23.694
36 29.24 23.5263
36 29.24 23.7365
36 29.24 23.8882
37 55.26 46.6631
37 55.26 46.1349
37 39.28 38.7176
37 42.31 36.5631
37 35.85 36.4882
37 42.43 37.935
37 39.27 37.4478
37 39.27 37.2486
37 39.28 37.3043
37 39.27 37.4125
38 29.33 30.8814
38 26.44 30.4594
38 32.49 29.5005
38 29.33 29.0785
38 29.33 27.2189
38 29.33 27.1441
38 29.33 26.8421
38 29.33 26.965
38 23.28 27.0506
38 30.19 27.2016
39 45.4 39.4747
39 35.61 35.437
39 32.69 31.3379
39 35.61 29.1172
39 33.26 26.9697
39 33.41 30.4172
39 32.69 30.2202
39 32.69 26.5225
39 29.71 26.3648
39 29.71 26.3368
40 34.07 44.8625
40 34.07 37.3945
40 46.68 37.1451
40 46.58 36.8313
40 46.58 36.7309
40 34.07 34.6912
40 31.05 34.4816
40 31.05 33.8822
40 31.47 33.8142
40 31.47 33.7591
41 32.6 31.951
41 30.57 31.5283
41 28.26 29.8591
41 32.6 29.3744
41 30.57 28.0822
41 30.29 27.7362
41 30.29 27.0835
41 29.5 26.8791
41 31.08 26.7266
41 30.29 26.913
42 42.52 32.9424
42 39.81 32.8044
42 37.67 31.0518
42 36.73 30.0011
42 32.33 28.6027
42 38.86 30.9101
42 38.86 30.8822
42 36.73 27.0893
42 38.86 26.9933
42 37.7 27.0521
43 56.36 42.4105
43 56.35 42.0983
43 55.85 42.0246
43 54.59 41.3987
43 54.59 40.8554
43 52.78 40.7385
43 52.78 40.7346
43 52.78 40.6716
43 52.78 40.6606
43 52.78 40.8425
44 48.29 40.1093
44 33.74 32.2205
44 31.47 32.1059
44 31.47 30.3764
44 31.47 30.3007
44 31.47 30.0389
44 31.47 29.5214
44 31.19 29.5143
44 31.19 29.4874
44 31.19 27.3662
45 37.49 29.5962
45 37.49 34.9044
45 37.44 29.7506
45 34.67 28.9931
45 28.28 26.8622
45 32.27 25.1969
45 28.28 24.6862
45 28.28 24.0475
45 28.28 23.7266
45 23.78 23.4725
46 31.62 29.9919
46 34.02 29.7768
46 28.95 29.6195
46 28.47 27.9598
46 28.47 27.965
46 28.47 28.0135
46 28.47 26.8135
46 23.49 26.6403
46 23.49 26.76
46 28.47 26.8702
47 84.82 45.6708
47 81.84 45.6261
47 84.37 45.278
47 82.61 43.8014
47 82.56 43.7764
47 82.57 43.9325
47 82.56 43.7894
47 81.84 43.6871
47 81.84 43.6843
47 82.59 43.6714
48 48.32 40.9588
48 48.32 32.6963
48 48.32 32.17
48 48.32 33.424
48 49.19 32.1664
48 48.32 32.0469
48 48.32 31.9545
48 46.73 30.9015
48 46.63 30.936
48 46.56 30.9687
49 62.31 39.8726
49 61.11 33.1062
49 52.37 33.0674
49 52.37 32.8951
49 52.37 32.8903
49 52.37 32.1446
49 52.37 32.106
49 52.37 32.1366
49 52.37 32.1407
49 52.37 32.1742
50 56.25 43.1802
50 56.25 42.0512
50 48.78 38.1116
50 42.48 34.3268
50 41.49 34.289
50 41.49 34.0645
50 41.49 34.1722
50 38.38 33.8864
50 41.49 33.8325
50 41.49 34.3303
51 35.09 25.0939
51 35.09 26.8411
51 31.51 26.6062
51 31.51 24.2321
51 31.51 24.102
51 31.23 23.6111
51 31.23 17.6395
51 11.91 17.5423
51 19.04 17.3128
51 19.04 17.553
52 38.66 38.273
52 38.58 38.4024
52 44.72 35.4676
52 38.66 35.1228
52 38.58 31.9249
52 38.58 31.5758
52 35.03 31.5615
52 38.58 31.3023
52 38.58 31.6065
52 38.58 31.6826
53 44.42 36.0567
53 42.17 35.954
53 42.17 35.6559
53 42.17 35.7241
53 42.17 35.9191
53 42.17 36.0247
53 42.17 36.2935
53 42.17 36.443
53 42.18 36.6024
53 44.42 37.0325
54 41.58 45.2536
54 41.58 44.7623
54 37.91 44.2104
54 37.91 44.0269
54 37.64 44.0548
54 37.64 42.8214
54 35.48 42.7845
54 35.48 42.7523
54 35.48 42.5703
54 35.48 42.3947
55 67.28 42.2054
55 59.29 47.5328
55 50.92 42.8378
55 50.92 42.4956
55 50.92 42.1355
55 50.92 40.967
55 49.5 40.7726
55 45.78 38.7147
55 45.78 38.555
55 45.78 38.5126
56 43.83 29.4841
56 43.9 27.2242
56 43.22 26.7683
56 42.52 26.2778
56 41.73 26.069
56 41.7 25.6463
56 31.71 25.6253
56 31.71 25.4303
56 41.43 21.2503
56 41.7 25.5376
57 47.98 44.6783
57 40.56 44.6272
57 35.15 44.0005
57 33.88 42.8859
57 30 42.4239
57 29.73 42.0414
57 29.73 39.6064
57 29.25 39.2157
57 29.25 38.904
57 29.25 38.6461
58 53.36 45.1578
58 50.6 45.121
58 50.6 44.7338
58 48.01 41.4212
58 47.4 44.3004
58 47.4 42.4784
58 47.4 42.0779
58 47.4 41.843
58 47.4 41.5929
58 47.4 41.4227
59 41.52 37.2594
59 47.79 31.6045
59 39.79 31.5569
59 47.79 26.0663
59 47.79 26.2002
59 47.79 26.1294
59 39.79 31.6854
59 47.79 26.3702
59 39.9 32.0601
59 39.79 32.3878
60 45.92 31.7342
60 45.92 31.6312
60 42.88 31.327
60 42.6 30.8257
60 42.6 30.771
60 42.6 28.6868
60 42.6 28.4106
60 42.6 28.2493
60 42.6 28.2804
60 42.6 28.2311
61 60.96 43.8788
61 60.96 43.4235
61 60.95 43.0089
61 60.96 42.7201
61 60.96 35.9723
61 60.95 34.5933
61 60.95 34.3113
61 58.26 33.3261
61 58.26 33.0634
61 57.89 32.6847
62 46.35 34.57
62 34.64 33.9348
62 34.64 30.0661
62 34.64 29.4101
62 34.64 27.8835
62 34.64 27.3303
62 34.64 26.9569
62 34.64 25.847
62 31.92 25.3436
62 31.92 24.9258
63 34.59 33.702
63 34.39 33.0582
63 31.42 30.7452
63 31.42 30.436
63 31.13 29.875
63 29.7 29.4054
63 29.7 28.3251
63 29.7 28.1347
63 23.39 27.9105
63 23.39 27.9261
64 52.92 33.2473
64 45.78 32.7285
64 34.87 31.8891
64 34.87 30.9484
64 35.8 29.9647
64 32.33 26.8809
64 31.15 26.0151
64 30.86 25.3081
64 29.7 24.6205
64 29.7 23.5045
65 42.46 44.2052
65 42.03 46.6775
65 36.16 44.8983
65 36.16 44.584
65 31.5 44.0611
65 31.5 43.7113
65 29.2 43.4828
65 27.95 43.5071
65 27.95 43.5808
65 27.95 43.5905
66 34.6 34.8016
66 30.59 30.291
66 30.59 30.3317
66 30.59 29.1568
66 30.31 26.4214
66 30.31 26.1483
66 28.87 26.0855
66 28.87 25.7227
66 28.87 25.3772
66 28.87 25.1386
67 41.72 40.1427
67 36.24 39.3521
67 36.24 39.0917
67 35.83 31.9812
67 31.78 31.6548
67 31.78 31.3669
67 31.78 31.2935
67 31.78 31.0383
67 31.78 30.9612
67 31.5 30.7413
68 34.47 30.7185
68 30.93 30.1024
68 30.93 27.8108
68 30.65 27.123
68 30.65 26.9152
68 30.65 26.5264
68 30.65 26.3278
68 30.65 26.313
68 30.65 26.2308
68 28.91 26.0197
69 48.69 39.2248
69 47.91 34.5246
69 47.91 34.1532
69 47.91 33.7234
69 45.03 32.4168
69 45.03 29.2833
69 34.47 27.2235
69 34.47 26.7215
69 31.5 26.4568
69 31.25 25.8852
70 28.91 33.5873
70 23.85 31.8526
70 20 31.2578
70 19.8 26.2369
70 10.55 25.8383
70 10 25.4105
70 11.34 25.2284
70 8.1 25.1435
70 8.77 25.0675
70 9.89 25.1281
71 49.32 41.1761
71 47.91 38.9911
71 47.91 35.6523
71 41.52 32.3542
71 47.91 31.828
71 47.91 31.7404
71 47.91 31.0833
71 47.91 31.0234
71 41.52 31.0331
71 41.52 30.9238
72 49.97 41.7936
72 48.24 41.0948
72 37.14 39.9589
72 37.14 33.6193
72 34.17 33.0511
72 34.17 30.7246
72 34.17 30.4048
72 30.42 30.2596
72 30.42 28.2923
72 30.42 28.0929
73 61.32 44.185
73 61.32 43.1019
73 58.98 42.4158
73 46.31 42.2505
73 49.4 42.0543
73 46.31 36.8353
73 46.31 36.6445
73 46.31 36.6841
73 42.58 36.2986
73 42.58 35.9469
74 53.48 28.8255
74 53.48 26.2499
74 53.41 26.1769
74 53.41 23.9096
74 53.13 23.4921
74 53.41 23.3589
74 53.41 23.3229
74 53.41 23.3882
74 53.41 23.504
74 53.41 23.4768
75 50.93 44.5705
75 50.13 44.2043
75 48.65 42.9188
75 48.55 42.5552
75 46.84 40.5154
75 46.84 39.9714
75 46.84 39.4986
75 46.84 39.3825
75 46.84 39.3075
75 46.84 39.2631
76 55.05 51.1894
76 55.05 47.8866
76 55.05 47.5953
76 55.05 47.532
76 55.05 38.8163
76 55.05 36.0183
76 55.05 35.9058
76 55.05 42.9674
76 47.51 35.7207
76 47.51 35.7309
77 34.41 40.0441
77 42.32 39.706
77 34.41 39.4113
77 30.86 39.1607
77 30.86 38.6874
77 30.86 36.406
77 30.86 36.3655
77 30.86 36.063
77 30.86 36.18
77 30.86 36.0652
78 49.44 41.0764
78 49.35 37.151
78 42.27 31.8716
78 42.27 29.2292
78 34.26 30.3134
78 30.86 27.9926
78 30.86 27.5727
78 30.86 27.3989
78 30.54 26.8005
78 30.54 26.4739
79 57.27 44.6563
79 48.98 44.3071
79 48.98 40.8106
79 42.23 40.4936
79 42.23 40.0856
79 42.23 34.908
79 39.28 34.5096
79 39.28 34.246
79 38.52 33.8204
79 38.52 33.4034
80 41.03 43.3034
80 41.03 42.9063
80 33.85 41.2208
80 33.85 40.4057
80 31.29 39.7175
80 31.29 39.2941
80 31.29 39.2586
80 31.29 39.159
80 31.29 39.2013
80 31.29 39.1903
81 34.06 37.5882
81 31.29 30.9756
81 30.49 27.1797
81 30.21 25.1257
81 30.21 23.0248
81 30.21 22.6469
81 20.58 21.7102
81 20.58 21.5783
81 6.29 21.5531
81 5.52 21.3215
82 49.99 39.9371
82 49.71 33.7453
82 34.51 29.146
82 33.82 29.0118
82 32.3 27.5171
82 32.3 25.8932
82 32.3 24.27
82 30.57 23.1597
82 30.29 22.6708
82 30.29 22.3139
83 47.51 42.0468
83 47.35 39.4842
83 47.35 38.6859
83 47.35 37.9665
83 40.29 36.9235
83 40.29 35.8568
83 40.29 34.9434
83 40.29 35.2807
83 40.29 35.4465
83 40.29 35.5586
84 31.5 27.9103
84 31.08 26.6999
84 31.08 24.9524
84 30.8 24.2089
84 30.8 23.5424
84 30.8 23.1986
84 30.8 23.0989
84 20 23.1957
84 20 23.0265
84 30.8 23.0122
85 34.5 37.4282
85 31.5 34.587
85 31.5 34.6877
85 31.5 34.1951
85 30.71 33.5901
85 30.43 33.5337
85 23.99 33.0871
85 23.97 31.923
85 23.93 31.2387
85 23.93 27.3731
86 63.3 49.5882
86 59.7 49.5762
86 58.82 48.8054
86 57.66 48.2787
86 59.7 47.6216
86 58.82 45.7604
86 58.82 46.1656
86 58.54 46.1959
86 58.54 46.084
86 58.54 46.2135
87 56.53 37.831
87 54.67 37.6237
87 54.67 36.505
87 49.65 36.114
87 53.52 35.2599
87 52.78 34.8276
87 52.4 34.7643
87 49.65 34.6483
87 49.65 34.6726
87 49.65 33.3389
88 49.95 32.1048
88 49.95 30.2603
88 49.95 30.1897
88 49.95 29.6722
88 35.04 28.1707
88 34.34 28.0615
88 31.52 27.5929
88 39.85 27.3661
88 39.85 27.4407
88 39.85 27.1995
89 93.33 26.9741
89 68.34 26.226
89 68.34 25.82
89 65.36 24.4608
89 65.36 24.3405
89 64.41 23.8501
89 62.23 23.9417
89 65.36 23.7582
89 65.36 23.8494
89 65.36 23.817
