0 45.37 5600.65
0 44.93 5524.66
0 44.93 5470.26
0 43.26 5423.85
0 43.26 5371.11
0 43.26 5401.83
0 42.73 5431.78
0 42.73 5458.42
0 42.73 5488.5
0 42.73 5527.99
0 42.73 5562.72
0 42.73 5568.82
0 42.73 5570.08
0 43.12 5545.91
0 46.45 5503.89
0 46.45 5465.64
0 46.45 5444.97
0 46.45 5516.09
1 54.98 1672.1
1 54.55 1560.53
1 54.55 1452.99
1 54.55 1338.64
1 54.1 1229.71
1 53.86 1234.79
1 53.86 1235.66
1 53.86 1244.59
1 53.86 1253.11
1 53.86 1272.78
1 53.86 1296.98
1 53.86 1479.21
1 45.16 1655.85
1 45.16 1814.56
1 46.25 1972.73
1 48.22 2153.58
1 48.22 2380.93
1 47.6 2416.7
2 50.96 20778
2 50.42 20236.7
2 50.09 19621.7
2 50.09 18800.3
2 50.09 17938.1
2 7.44 16998
2 7.44 16061.3
2 50.09 15133.7
2 50.09 14262.6
2 50.09 13530.3
2 50.42 12840.9
2 50.42 12264
2 40.78 11706.2
2 41.23 11320.9
2 42.51 10943.2
2 42.51 10663
2 42.98 10452.5
2 42.98 10344.8
3 45.18 7813.13
3 45.18 7894.99
3 44.86 7976.93
3 44.75 8081.09
3 44.75 8186.45
3 44.37 8299.47
3 44.37 8401.04
3 44.37 8494.96
3 44.37 8608.06
3 44.24 8714.61
3 44.24 8817.48
3 43.99 8992.34
3 44.03 9167.8
3 44.27 9343.26
3 44.27 9520.22
3 44.27 9709.47
3 44.27 9890.74
3 44.14 10002.3
4 47.45 3965.23
4 47.24 3776.94
4 47.2 3599.88
4 47.2 3421.35
4 46.65 3250.18
4 46.2 3134.92
4 46.2 3004.54
4 46.2 2879.38
4 46.2 2756.14
4 46.2 2643.63
4 46.48 2533.13
4 47.2 2471.91
4 46.64 2425
4 46.64 2392.52
4 47.63 2352.08
4 50.17 2372.13
4 51.17 2440.3
4 51.02 2540.15
5 52.58 14046
5 52.58 13443.1
5 52.17 12797.9
5 52.17 12044.4
5 52.17 11367.3
5 52.17 10870.5
5 52.17 10445.3
5 52.17 10263.8
5 52.17 10129.9
5 52.17 10095.8
5 52.17 10032.6
5 52.58 9844.11
5 42.76 9582.3
5 43.2 9148.96
5 45.38 8655.85
5 47.84 8120.66
5 48.75 7624.84
5 48.75 7154.07
6 45.16 15685.4
6 44.49 15763.9
6 43.53 15879.7
6 42.84 16081.3
6 42.84 16168.8
6 42.84 16000.9
6 28.15 15777.8
6 28.15 15476.1
6 28.15 15151.9
6 28.15 14779.8
6 28.15 14409.8
6 28.15 14246.2
6 40.47 14050.8
6 44.49 13750.3
6 45.23 13487.1
6 44.75 13370.9
6 46.04 13324
6 46.04 13444.6
7 44.96 7869.62
7 44.96 8226.72
7 44.54 8632.92
7 43.48 9196.03
7 41.72 9754.64
7 41.56 10300.1
7 40.69 10890.4
7 40.69 11536.2
7 25.99 12153.4
7 25.99 12656
7 25.99 13137.4
7 25.99 13473.9
7 25.53 13774.9
7 25.53 13949.7
7 25.53 14111.4
7 39.78 14246.6
7 40.21 14360.1
7 40.9 14412.7
8 40.29 8707.29
8 39.76 8762.09
8 39.76 8817.44
8 26.98 8865.23
8 26.98 8909.43
8 26.98 8938.35
8 26.98 8955.09
8 26.98 8996.24
8 26.98 9028.84
8 26.98 9038.32
8 26.98 9062.67
8 26.98 9128.06
8 27.24 9168.71
8 27.24 9142.28
8 27.24 9127.64
8 27.24 9135.49
8 27.24 9146.96
8 27.24 9094.43
9 44.1 19924.3
9 39.76 20144.1
9 39.76 20300.3
9 39.36 20345.3
9 39.36 20390.3
9 27.24 20537.7
9 27.24 20641.3
9 27.24 20718
9 27.24 20762.7
9 27.24 20792.4
9 27.24 20799.1
9 27.24 20728
9 27.24 20679.3
9 27.24 20600.1
9 39.56 20518.9
9 39.56 20410.3
9 40.17 20212.3
9 40.17 20154.6
10 52.8 8625.98
10 52.54 8234.68
10 52.54 7858.26
10 38.38 7517.08
10 38.38 7210.18
10 38.38 7012.27
10 38.38 6818.08
10 38.38 6623.56
10 38.38 6437.22
10 38.38 6260.44
10 52.54 6094.79
10 52.54 6090.3
10 68.29 6107.36
10 68.29 6143.44
10 71.05 6170.21
10 72.51 6284.39
10 73.51 6449.27
10 71.14 7048.4
11 40.08 7483.45
11 40.02 7692.42
11 39.95 7911.56
11 39.29 8163.41
11 39.29 8354.84
11 37.47 8401.2
11 32.04 8465.86
11 24.94 8589.16
11 24.94 8813.43
11 24.94 9300.45
11 24.94 9860.42
11 24.94 10606.5
11 39.02 11368
11 39.13 12311.2
11 41.77 13152.5
11 42.35 13840.8
11 44.01 14530.4
11 42.35 15095.5
12 39.48 23886.2
12 38.82 24462.1
12 39.48 24876.2
12 38.82 25173
12 38.82 25348.9
12 35.9 25548.8
12 29.87 25720.6
12 25.59 25861.7
12 25.59 25980.9
12 25.59 26067.6
12 25.59 26129.1
12 25.59 26108.4
12 24.74 26053.2
12 24.74 25954.1
12 24.74 25814.1
12 38.38 25619.7
12 38.38 25364.2
12 39.35 25078.5
13 75.79 3806.81
13 75.42 3743.66
13 75.42 3682.17
13 75.25 3615.55
13 68.28 3549.61
13 60.81 3484.79
13 66 3422.02
13 66 3355.95
13 66 3290.18
13 66 3228.62
13 66 3146.23
13 75.25 3048.91
13 39.46 2949.84
13 40.16 2808
13 41.89 2652.27
13 44.13 2492.68
13 49.11 2375.1
13 47.91 2179.07
14 41.42 10075.3
14 40.2 11041.7
14 40.04 11992.9
14 39.32 12813.7
14 39.32 13559.3
14 39.32 14074.8
14 39.32 14493.7
14 24.83 14637.2
14 39.32 14706.2
14 39.32 14566.1
14 39.32 14379.1
14 39.32 14043.3
14 39.78 13654
14 40.2 12988.4
14 41.49 12298.9
14 45.01 11493.4
14 45.2 10763.9
14 45.2 10182.4
15 44.76 12071.4
15 43.35 12093.5
15 43.27 12098.8
15 43.27 12046.3
15 43.23 11998.4
15 42.47 12008.7
15 42.47 11949.6
15 42.47 11769.8
15 42.47 11590.8
15 42.47 11411.9
15 42.47 11238.9
15 42.47 11165.1
15 40.71 11067.7
15 41.2 10984.5
15 41.2 10889.9
15 41.2 10777.2
15 41.2 10636.4
15 41.2 10462.5
16 83.73 10959.9
16 82.4 10709.2
16 82.4 10461
16 82.4 10225.3
16 82 10007.9
16 82 9795.83
16 82 9596.6
16 82 9470.61
16 82 9346.01
16 82 9238.87
16 82 9139.88
16 82 9036.03
16 42.17 8926.82
16 42.17 8845.36
16 42.57 8750.43
16 42.57 8675.32
16 42.57 8603.69
16 43.15 8535.01
17 52.85 975.693
17 52.57 1092.8
17 52.57 1214.11
17 43.15 1364.3
17 42.57 1530.49
17 42.57 1700.89
17 42.57 1908.38
17 42.57 2122.7
17 42.57 2360.35
17 42.57 2647.33
17 42.57 2963.34
17 41.95 3314.92
17 45.91 3670.94
17 59.19 3687.8
17 61.19 3699.58
17 63.75 3705.14
17 63.75 3745.99
17 63.75 3836.41
18 54.48 1420.6
18 53.79 1521.41
18 53.79 1652.23
18 42.06 1817.71
18 41.62 2027.68
18 41.23 2249.08
18 41.23 2502.97
18 41.23 2824.27
18 41.23 3153.44
18 41.23 3512.36
18 35.79 3871.36
18 35.79 4242.85
18 47.96 4602.03
18 47.95 4849.4
18 56.18 5115.78
18 59.28 5355.98
18 59.94 5668.51
18 62.14 5994.5
19 45.11 14266.2
19 45.11 14134.7
19 43.28 13993.2
19 42.64 13856
19 42.81 13730.1
19 42.64 13567.1
19 42.64 13411.9
19 42.64 12918.1
19 42.64 12456.7
19 42.64 12010.5
19 42.64 11562.9
19 42.64 11178
19 42.37 10825.4
19 42.37 10352.9
19 42.85 9931.61
19 42.85 9552.83
19 42.85 9216.6
19 42.85 8901.6
20 42.13 20098.4
20 37.84 20172.4
20 27.29 20227.5
20 27.29 20256.9
20 27.29 20273.5
20 24.02 20274
20 27.29 20228.8
20 36.03 20254.7
20 36.03 20267.6
20 36.03 20251
20 42.13 20217.6
20 42.13 20141.1
20 43.81 20023.5
20 47.09 19982.3
20 51.64 19911.5
20 52.09 19835.2
20 52.07 19761.6
20 52.07 19724.9
21 46.66 3255.62
21 46.66 3417.27
21 46.23 3617.37
21 45.68 3890.67
21 45.68 4185.96
21 45.68 4589.43
21 45.68 4945.18
21 45.68 5267.81
21 45.68 5568.4
21 44.09 5929.28
21 45.68 6260.36
21 45.68 6572.53
21 45.93 6797.24
21 45.93 6829.8
21 48.06 6765.56
21 50.16 6637.21
21 50.64 6528.16
21 50.16 6474.06
22 43.07 15757.5
22 42.11 16331.7
22 39.07 16835.8
22 39.07 17172.1
22 29.88 17433.8
22 29.88 17485.8
22 29.88 17438
22 29.88 17128
22 29.88 16788.8
22 37 16354
22 29.88 15847.1
22 39.93 15166.9
22 45.08 14441.8
22 47.33 13704.3
22 47.81 12986
22 49.22 12272.6
22 49.22 11666.7
22 129.06 11222.7
23 47.22 9735.72
23 47.22 9943.85
23 47.11 10125.2
23 46.8 10197.6
23 46.8 10300.3
23 46.8 10413.3
23 46.8 10500.3
23 46.8 10557.1
23 46.8 10586.9
23 46.8 10661.8
23 47.11 10757
23 47.22 10862.4
23 49.12 10984.1
23 49.83 11119.6
23 53.42 11231.7
23 54.29 11305.5
23 54.29 11412.3
23 54.29 11555.9
24 70.4 -607.344
24 70.4 -604.89
24 70.4 -590.302
24 68.6 -598.487
24 66.77 -600.831
24 66.77 -606.675
24 66.77 -599.734
24 66.77 -593.125
24 66.77 -588.554
24 66.77 -589.702
24 70.27 -609.901
24 66.77 -612.963
24 47.37 -657.518
24 47.37 -700.126
24 47.84 -783.94
24 48.4 -846.259
24 52.61 -883.048
24 77.05 -906.856
25 53.33 14266.2
25 52.13 14143.2
25 52.13 14021.4
25 52.13 14075
25 51.72 14114.2
25 51.72 14170.3
25 38.81 14208.4
25 38.81 14250.8
25 38.81 14291
25 38.81 14545.8
25 38.81 14799.7
25 38.81 15035.6
25 46.46 15243.8
25 46.46 15423.9
25 46.71 15547.5
25 47.11 16019.9
25 61.58 16433.9
25 70.39 16834.8
26 46.77 -2101.44
26 46.1 -2057.71
26 46.1 -2003.22
26 44.52 -1912.55
26 43.79 -1823.64
26 43.79 -1682.23
26 43.79 -1590.92
26 43.79 -1542.78
26 43.79 -1506.97
26 43.79 -1465.05
26 43.79 -1437.78
26 44.52 -1409.4
26 46.19 -1357.14
26 46.19 -1223.69
26 46.29 -1134.86
26 46.7 -994.811
26 47.56 -879.26
26 131.83 -832.081
27 67.27 5865.7
27 66.85 5712.51
27 66.85 5601.52
27 66.85 5487.08
27 62.72 5356.68
27 62.72 5259.42
27 62.72 5146.06
27 62.72 5027.56
27 66.85 4909.49
27 66.85 4868.11
27 66.85 4817.08
27 66.85 4771.57
27 57.41 4693.65
27 57.41 4632.04
27 63.72 4569.85
27 64.24 4580.67
27 65.02 4594.94
27 66.01 4629.6
28 54.52 9470.62
28 53.15 9590.77
28 52.53 9694.98
28 51.6 9814.73
28 50.69 9931.85
28 50.69 10015
28 50.27 10104.7
28 50.27 10202.6
28 50.27 10273.9
28 49.78 10330.8
28 51.6 10368.6
28 50.69 10387.5
28 58.1 10372.5
28 58.1 10385
28 60.98 10404.5
28 60.98 10397.2
28 61.38 10401.9
28 61.38 10451
29 45.19 15838.8
29 45.19 15755.6
29 45.19 15763.4
29 38.19 15972.9
29 38.19 16188.4
29 38.19 16335.9
29 45.19 16411.7
29 20 16227
29 13.94 16007.1
29 13.94 15633.2
29 13.94 15298.6
29 38.19 15061.8
29 31.26 14828.3
29 31.26 14588.7
29 48.33 14350.8
29 68.35 14194
29 79.94 14104.3
29 79.94 14227.3
30 71.41 10970
30 70.8 11167.9
30 70.8 11365.8
30 70.8 11582.5
30 70.8 11773.8
30 70.18 11861.6
30 62.27 11967.9
30 61.71 12056.3
30 61.71 12146
30 61.71 12220.5
30 70.18 12304
30 70.18 12430.9
30 47.1 12562.1
30 47.1 12722.6
30 47.1 12840.7
30 47.66 12871.3
30 47.66 12934
30 49.56 13123.9
31 61.06 7304.44
31 59.12 7231.68
31 59.65 7178.95
31 58.31 7079.09
31 58.85 6999.94
31 59.39 6956.73
31 59.35 6949.67
31 55.8 6971.56
31 53.79 7027.64
31 54.33 7175.56
31 54.87 7348.19
31 55.41 7548.34
31 38.7 7751.2
31 39.44 7954.34
31 47.12 8121.23
31 49.3 8020.06
31 51.95 7933.84
31 51.46 7904.41
32 42.04 12515.6
32 42.04 12005.7
32 42.04 11520.4
32 42.04 11051
32 42.04 10631.9
32 42.04 10349.2
32 42.04 10034.2
32 42.04 9613.42
32 42.04 9319.79
32 42.04 9283.2
32 42.04 9256.3
32 42.04 9240.08
32 42.05 9214.1
32 47.15 9164.49
32 64.57 9120.15
32 82.89 9201.84
32 99.87 9297.93
32 86.12 9545.99
33 59.24 12077.3
33 58.85 12381.8
33 58.85 12672.9
33 58.85 12476.8
33 58.85 12285.8
33 58.85 12112.1
33 58.85 11927.5
33 58.85 11733.7
33 58.85 11551.6
33 58.85 11169.4
33 55.8 10790.6
33 48.34 10405.1
33 34.89 9993.03
33 51.57 9575.27
33 52.95 9139.83
33 57.33 9231.75
33 58.99 9228.6
33 58.84 9254.26
34 46.68 7606.84
34 44.47 7635.14
34 44.47 7680.51
34 43.28 7673.86
34 43.28 7679.56
34 42.9 7695.81
34 42.9 7715.6
34 42.9 7738.6
34 42.9 7751.29
34 42.9 7720.81
34 42.62 7693.58
34 40.23 7682.35
34 42.03 7662.08
34 44.34 7636
34 44.34 7590.4
34 44.34 7525.19
34 44.72 7474.09
34 44.72 7439.5
35 41.07 2007.01
35 41.07 1929.47
35 38.21 1896.94
35 33.74 2078.4
35 33.74 2307.98
35 33.74 2659.7
35 31.24 3036.17
35 51.26 3457.75
35 31.24 3790.69
35 31.24 3829.69
35 31.24 3864.07
35 31.24 3920.79
35 40.04 3909.56
35 44.03 3860
35 44.12 3805.26
35 44.5 3700.82
35 46.6 3598.6
35 46.68 3529.78
36 46.05 4060.14
36 45.42 4026.37
36 45.07 3972.28
36 45.07 3880.7
36 45.07 3785.62
36 45.07 3679.46
36 45.07 3576.57
36 45.07 3503.7
36 45.07 3430.34
36 45.07 3365.71
36 45.07 3295.39
36 45.07 3221.03
36 42.87 3114.57
36 44.11 3017.07
36 50.07 2919.31
36 53.74 2797.42
36 50.57 2703.75
36 78.34 2683
37 42.98 3700.33
37 42.97 3797.75
37 39.46 3915.94
37 38.78 4140.64
37 38.42 4409.65
37 38.42 4728.05
37 38.42 5069.24
37 38.42 5437.49
37 38.42 5824.54
37 38.42 6471.61
37 38.42 7220.32
37 38.42 8069.91
37 34.78 9016.35
37 39.19 9978.24
37 43.11 10914.2
37 45.11 10864.9
37 47.58 10850.3
37 47.58 10926.1
38 42.81 5407.13
38 38.12 5232.62
38 38.12 5049.3
38 37.77 4869.66
38 37.77 4697.05
38 37.77 4648.98
38 37.77 4555.36
38 37.77 4448.78
38 37.77 4348.87
38 37.77 4232.72
38 37.77 4111.55
38 37.77 3996.21
38 37.89 3876.95
38 38.99 3750.05
38 45.79 3594.37
38 56.49 3433.02
38 63.83 3315.97
38 61.05 3241.61
39 45.7 22174.1
39 45.7 22138.3
39 45.7 22046.4
39 42.13 21790.4
39 17.26 21450.9
39 17.26 21025.5
39 17.26 20503.1
39 17.26 19928.3
39 17.26 19341.6
39 45.7 19335.7
39 17.26 19307.5
39 17.26 19273.7
39 28.44 19207.3
39 28.44 19091.6
39 39.09 18936.9
39 45.16 19025.5
39 39.09 19086.7
39 43.16 19189.1
40 37.52 2821.43
40 37.52 2924.9
40 36.95 3048.44
40 36.95 3095.7
40 36.95 3131.91
40 36.95 3170.49
40 36.95 3219.04
40 36.95 3261.01
40 36.95 3304.13
40 36.95 3274.86
40 36.95 3219.19
40 36.95 3170.42
40 47.03 3099.51
40 47.03 3008.86
40 53.78 2894.1
40 54.66 2895.07
40 55.19 2931.72
40 56.64 3025.66
41 88.17 9355.41
41 88.17 9459.74
41 75.83 9565.54
41 75.83 9655.16
41 72.12 9737.52
41 75.83 9853.15
41 75.83 9933.13
41 72.12 9903.88
41 72.12 9940.03
41 71.71 10143.5
41 71.71 10318.4
41 71.71 10385.1
41 43.39 10433.6
41 43.4 10456.4
41 44.37 10430
41 44.37 10349.2
41 44.9 10274.2
41 45.4 10280.6
42 46.44 9405.88
42 46.44 9257.57
42 45.18 9107.29
42 43.32 9078.25
42 43.32 9039.87
42 39.58 9008.69
42 39.58 8971.14
42 39.58 8945.5
42 39.58 8920.16
42 39.58 9004.46
42 39.58 9098.17
42 39.58 9211.94
42 47.89 9295.43
42 43.69 9356.93
42 49 9422.04
42 51.72 9652.83
42 52.97 9920.87
42 55.78 10214.1
43 49.76 4104.29
43 49.76 4095.58
43 49.4 4103.64
43 49.4 4147.41
43 49.4 4199.06
43 48.19 4252.37
43 48.19 4308.75
43 48.19 4465.68
43 48.19 4567.66
43 48.19 4520.99
43 49.4 4481.13
43 47.15 4455.75
43 41.18 4392.3
43 41.18 4307.35
43 47.17 4202.31
43 48.14 4068.31
43 52.03 3946.83
43 52.03 3854.51
44 38.86 4585.73
44 38.86 4578.97
44 38.5 4578.57
44 38.5 4596.62
44 38.5 4601.32
44 38.5 4602.95
44 38.5 4610.81
44 38.5 4614.29
44 38.5 4618.97
44 38.5 4629.13
44 38.5 4639.99
44 38.5 4644.56
44 36.89 4634.34
44 41.31 4618.14
44 46.69 4603.47
44 48.1 4580.43
44 52.18 4549.59
44 52.18 4547.35
45 38.73 13205.9
45 38.73 13329
45 36.53 13439.5
45 36.53 13534.7
45 32.73 13623.9
45 28.64 13719.8
45 28.64 13797.6
45 28.64 13797.9
45 32.55 13735.8
45 32.56 13526.4
45 32.6 13290.2
45 36.53 12936.4
45 38.48 12591.8
45 38.48 12301.5
45 38.48 12023.7
45 41.49 11863.9
45 46.47 11659
45 49.56 11401.7
46 40.04 5522.14
46 39.67 5601.39
46 39.67 5652.97
46 39.23 5642.29
46 39.67 5612.54
46 39.23 5539.68
46 37.76 5454.6
46 37.76 5371.02
46 39.23 5232.13
46 39.67 4971.23
46 39.23 4712.82
46 37.76 4431.87
46 39.67 4150.91
46 41.7 3957.37
46 49.47 3780.34
46 49.65 3617.46
46 49.7 3523.14
46 53.6 3479.53
47 59.07 9287.71
47 53.49 9161.74
47 50.98 9060.95
47 50.98 9064.79
47 50.62 9072.92
47 50.62 9055.65
47 50.62 9047.04
47 50.62 9044.96
47 50.62 9040.89
47 50.62 9101.34
47 50.62 9145.97
47 50.62 9203.9
47 38.52 9252.65
47 38.52 9305.77
47 38.88 9340.49
47 38.88 9607.07
47 38.88 9845.47
47 40.87 10066.1
48 43.28 9189.45
48 43.28 9008.08
48 43.28 8863.17
48 43.28 8817.59
48 43.28 8794.52
48 43.28 8777.88
48 43.28 8700.79
48 43.28 8400.89
48 43.28 8169.78
48 43.28 8144.01
48 43.28 8068.61
48 43.28 7872.1
48 38.67 7670.34
48 39.39 7500.23
48 44.74 7319.65
48 47.47 7097.51
48 56.57 6904.93
48 60.23 6802.95
49 51.29 5371.54
49 51.29 5342.5
49 50.92 5316.88
49 50.92 5322.11
49 50.92 5324.76
49 50.92 5313.28
49 50.92 5304.75
49 50.92 5297.25
49 50.92 5293.29
49 50.92 5240.09
49 50.92 5188.08
49 50.92 5153.29
49 41.87 5090.26
49 46.44 5003.42
49 51.28 4917.67
49 52.29 4827.35
49 53.1 4707.84
49 53.32 4601.98
50 47.3 16112.1
50 47.11 16565.4
50 41.46 16999.2
50 41.1 17433.7
50 41.1 17842.2
50 41.1 18139.2
50 41.1 18407.5
50 41.1 18570.8
50 41.1 18723.3
50 41.1 18888.6
50 41.1 19056.4
50 41.1 19222
50 30.23 19348.8
50 38.42 19428.8
50 38.42 19511.3
50 38.42 19583.5
50 33.96 19660.6
50 43.6 19768.7
51 50.34 2557.74
51 48.92 2603.43
51 47.42 2643.54
51 47.42 2693.41
51 47.42 2734.84
51 47.42 2771.46
51 47.42 2814.94
51 47.42 2848.22
51 47.05 2887.08
51 47.42 2845.16
51 47.42 2808.31
51 47.42 2794.2
51 39.28 2753.48
51 41.22 2703.47
51 43.36 2644.88
51 45.32 2576.72
51 45.72 2523.36
51 49.27 2463.76
52 54.23 11766.3
52 54.71 11895.5
52 51.51 12001.4
52 47.32 11938.9
52 46.96 11868.3
52 46.96 11734.9
52 44.44 11590.5
52 46.96 11380
52 46.96 11244.3
52 44.44 11281.7
52 49.48 11303.2
52 46.96 11248
52 48.35 11191.8
52 48.35 11180.1
52 52.66 11149.1
52 56.99 11193.6
52 57.78 11243
52 57.81 11393.5
53 43.15 3964
53 42.55 3953.67
53 42.52 3946.28
53 42.52 3955.42
53 42.52 3970.15
53 41.53 3979.12
53 41.53 3983.11
53 41.53 3987.64
53 41.53 3986.7
53 41.53 3986.68
53 42.52 3979.94
53 42.52 3975.16
53 42.98 3954.43
53 42.98 3927.69
53 45.19 3891.15
53 45.5 3872.81
53 47.61 3821.68
53 48.85 3756.04
54 47.13 8225.96
54 43.77 8337.2
54 40.11 8526.62
54 40.11 8907.27
54 40.11 9216.62
54 40.11 9380.88
54 40.11 9511.76
54 39.97 9539.98
54 40.11 9518.8
54 40.11 9331.74
54 40.11 9143.48
54 40.11 9005.3
54 43.82 8880.7
54 44.13 8790.94
54 45.83 8710.99
54 45.85 8686.52
54 46.32 8633.29
54 55.95 8548.73
55 47.01 6952.22
55 44.93 7348.3
55 43.83 7747.29
55 40.22 8537.29
55 37.65 9362.7
55 37.65 10221.8
55 36.29 11122.5
55 35.62 12035.3
55 31.56 12961.7
55 31.58 14184
55 31.6 15264.2
55 25.46 16173.5
55 35.61 16842.1
55 37.72 17280.9
55 44.39 17621.5
55 44.72 18131.8
55 47.08 18607.7
55 47.29 19048.2
56 44.98 6412.58
56 43.27 6531.03
56 43.27 6653.1
56 43.27 6709.37
56 43.27 6750.89
56 41.33 6790.24
56 41.48 6752.07
56 39.84 6538.14
56 43.27 6401.13
56 43.27 6500.67
56 43.27 6570.05
56 43.27 6569.1
56 46.37 6580.07
56 49.64 6642.48
56 51.82 6688.15
56 54.91 6735.76
56 56.99 6797.37
56 57.06 6913.85
57 39.95 8234.69
57 39.57 8387.37
57 38.11 8633.48
57 36.84 9123.45
57 36.84 9529.48
57 36.84 9649.56
57 36.84 9646.73
57 35.46 9289.36
57 35.46 9035.53
57 36.84 9129.12
57 36.84 9210.1
57 36.84 9245.65
57 38.09 9279.23
57 44.08 9233.73
57 45.46 9140.96
57 47.3 8958.37
57 47.8 8821.1
57 69.83 8837.03
58 61.6 16138
58 58.87 15608.3
58 60.12 15124.7
58 60.12 14833.4
58 60.12 14553.4
58 60.12 14315.6
58 60.12 14049.6
58 60.12 13737
58 60.12 13445.9
58 60.12 13269.9
58 63.08 13093.8
58 60.12 12978.1
58 39.95 12838.1
58 44.99 12732.5
58 47.41 12587.9
58 47.77 12420.6
58 68.63 12300.9
58 74.18 12356.2
59 45.65 5500.88
59 45.41 5513.94
59 45.41 5565.87
59 44.35 5693.93
59 44.02 5810.07
59 42.81 5932.88
59 42.81 6053.15
59 42.81 6146.74
59 42.81 6292.91
59 42.81 6585.4
59 42.81 6904.17
59 42.81 7250.06
59 54.79 7574.6
59 55.18 7917.76
59 56.27 8205.34
59 57.71 8484.56
59 60 8793.26
59 60 9075.09
60 57.24 6115.66
60 50.73 6086.13
60 50.73 6067
60 49.42 6094.64
60 49.42 6127.67
60 49.42 6165.55
60 49.04 6186.44
60 49.04 6224.93
60 49.04 6250.11
60 48.88 6269.58
60 49.58 6283.28
60 49.42 6313.16
60 40.5 6366.98
60 40.5 6444.92
60 41.88 6532.69
60 48.43 6625.14
60 49.49 6712.1
60 50.01 6801.08
61 55.56 3138.06
61 55.56 2889.69
61 55.56 2637.29
61 55.56 2403.21
61 55.56 2196.81
61 55.56 1993.49
61 55.56 1800.61
61 55.56 1608.71
61 55.56 1418.77
61 55.56 1219.15
61 55.56 1013.44
61 55.56 832.073
61 48.32 669.398
61 50.33 513.415
61 50.33 373.74
61 53.05 363.051
61 80.72 370.536
61 84.64 369.315
62 51.51 6879.18
62 43.68 6898.36
62 41.8 6917.42
62 41.8 6875.88
62 40.34 6836.98
62 43.26 6811.64
62 41.44 6776.7
62 41.44 6732.57
62 38.21 6702.63
62 43.68 6745.7
62 43.68 6777.91
62 41.8 6819.22
62 47.16 6851.07
62 48.37 6924.81
62 51.4 7008.05
62 59.1 6962.17
62 60.52 6909.99
62 60.63 6848.49
63 38.16 15832
63 34.77 15855.9
63 34.77 15837.2
63 34.77 15693.9
63 34.77 15614.9
63 32.13 15694.5
63 34.77 15820.8
63 34.77 16048.1
63 34.77 16278.1
63 34.77 16498.7
63 32.13 16625.8
63 32.13 16619.4
63 32.06 16595.6
63 39.42 16501.6
63 49.55 16386.7
63 49.55 16204.9
63 48.33 16026.9
63 49.55 15886.4
64 46.55 13868.6
64 46.19 13877.3
64 46.19 13904.8
64 46.19 13851.9
64 46.19 13798.8
64 46.19 13735.1
64 46.19 13670.4
64 46.19 13610.7
64 46.19 13548.6
64 46.19 13303.4
64 46.19 13053.5
64 46.19 12808.5
64 45.71 12560.7
64 46.41 12303.4
64 46.41 12041.1
64 46.41 11669.4
64 48.63 11266.1
64 61.52 10868.8
65 40.61 23326.7
65 40.61 23510.6
65 40.61 23695
65 40.61 23849.1
65 40.61 23927.7
65 40.61 23830.9
65 39.09 23729.2
65 39.07 23528.8
65 39.12 23327
65 39.11 23132.2
65 39.09 22937.9
65 39.05 22693.7
65 34.32 22454.1
65 34.32 22272.1
65 34.32 22084.4
65 34.32 21900.9
65 34.32 21684.8
65 40.01 21435.3
66 49.66 11638.9
66 43.29 11604.3
66 43.29 11568.4
66 43.29 11477.7
66 43.29 11401.7
66 43.29 11328.4
66 43.29 11267.5
66 43.29 11236.6
66 43.29 11171.5
66 43.29 10979.3
66 49.3 10779.1
66 49.3 10556.3
66 42.51 10315.9
66 42.51 10069.8
66 53.54 9851.39
66 55.95 9933.05
66 56.11 10011.3
66 55.49 10070.9
67 42.51 6768.76
67 42.51 6615.67
67 42.51 6479.78
67 42.51 6401.8
67 40.64 6317.49
67 40.64 6233.67
67 40.64 6124.83
67 40.64 5895.44
67 40.64 5685.4
67 40.64 5519.08
67 42.51 5332.3
67 42.51 5163.63
67 57.05 5049.12
67 57.85 5066.82
67 59.55 5117.9
67 67.21 5240.3
67 67.23 5403.17
67 67.29 5585.14
68 44.55 9392.11
68 44.21 9319.42
68 44.21 9305.72
68 44.21 9511.46
68 44.21 9680.13
68 44.21 9741.99
68 44.21 9762.99
68 44.21 9677.41
68 44.21 9647.2
68 44.21 9823.37
68 44.21 9935.3
68 44.21 9938.56
68 38.66 9919.01
68 39.26 9876
68 49.12 9762.48
68 51.03 9606.97
68 51.03 9435.89
68 55.23 9213.5
69 49.12 7513.42
69 48.3 7907.7
69 39.26 8290.05
69 38.66 8323.01
69 38.66 8315.81
69 38.66 8157.41
69 38.66 8019.17
69 38.66 7902.73
69 38.01 7831.21
69 38.66 7876.71
69 38.66 7906.34
69 38.66 7950.66
69 37.67 7953.83
69 38.86 7803.86
69 40 7629.32
69 48.66 7423.29
69 48.66 7215.86
69 50.5 7051.73
70 49.1 7762.71
70 49.1 7837.75
70 49.1 7928.23
70 48.74 7614.63
70 48.74 7328.25
70 48.74 7074.76
70 48.74 6855.34
70 48.74 6693.09
70 48.74 6549.68
70 48.74 6680.69
70 49.1 7216.1
70 48.48 8110.78
70 69.4 9386.49
70 70.13 10965
70 83.42 12421.4
70 85.8 12684.5
70 83.46 13013.4
70 83.01 13393.8
71 69.4 8363.83
71 69.4 8267.79
71 69.66 8174.95
71 69.93 8132.39
71 69.93 8082.39
71 69.93 8027.77
71 69.93 7980.84
71 69.93 7927.87
71 69.93 7877.01
71 69.93 7845.5
71 69.93 7805.41
71 69.93 7765.73
71 37.52 7714.48
71 39.18 7657.39
71 51.2 7570.53
71 52.88 7448.59
71 57.49 7344.33
71 57.49 7266.53
72 40.25 9010.59
72 38.35 9012.83
72 38.35 9029.68
72 38.35 9067.42
72 37.99 9110.61
72 37.99 9175.26
72 36.8 9213.46
72 39.18 9162.28
72 38.35 9119.08
72 37.99 9118.56
72 37.99 9080.31
72 37.99 8939.63
72 39.03 8810.65
72 39.03 8645.61
72 39.03 8521.47
72 39.66 8492.87
72 48.21 8448.74
72 50.61 8430.02
73 48.21 8544.77
73 48.21 8493.28
73 39.66 8439.44
73 39.66 8374.76
73 39.03 8346.82
73 36.89 8467.77
73 39.03 8581.82
73 38.14 8677.94
73 38.14 8777.12
73 38.14 8940.42
73 38.14 9073.49
73 38.14 9193.2
73 50.41 9249.37
73 50.41 9205.42
73 50.41 9151.73
73 50.41 9031.18
73 50.41 8910
73 51.7 8779.5
74 37.85 9974.27
74 37.85 9801.53
74 37.85 9651.7
74 37.5 9546.6
74 37.5 9424.88
74 37.5 9349.41
74 37.5 9239.37
74 37.5 9075.02
74 37.5 8933.8
74 37.5 8780.25
74 37.5 8618.82
74 37.85 8415.59
74 37.06 8165.34
74 46.93 7920.81
74 51.57 7651.02
74 51.86 7402.5
74 51.86 7194.22
74 51.86 7067.67
75 37.06 8018.04
75 36.72 7961.74
75 36.72 7922.16
75 36.72 7838.45
75 36.72 7757.39
75 36.72 7662.94
75 36.72 7572.24
75 36.72 7484.67
75 36.72 7393.86
75 36.72 7357.62
75 36.72 7311.35
75 36.72 7260.07
75 37.47 7181.57
75 46.83 7098.91
75 51.74 7002.37
75 52.01 6741.95
75 58.06 6543.5
75 58.06 6348.22
76 65.41 -6197.05
76 62.95 -6271.23
76 62.95 -6341.39
76 62.85 -6380.22
76 52.94 -6384.55
76 47.92 -6354.13
76 52.94 -6301.54
76 52.94 -6173.21
76 52.94 -6063.09
76 52.94 -5942.82
76 52.94 -5819.5
76 52.94 -5699.52
76 51.26 -5571.51
76 52.87 -5574.58
76 52.87 -5550.07
76 53.89 -5532.22
76 53.89 -5522.81
76 54.28 -5517.07
77 46.83 2982.22
77 46.58 3080.8
77 46.58 3180.88
77 46.23 3288.83
77 46.23 3399.08
77 46.23 3528.92
77 46.23 3676.73
77 46.23 3588.3
77 46.23 3512.54
77 46.23 3445.7
77 46.23 3370.1
77 46.58 3290.35
77 48.78 3200.78
77 57.69 3292.28
77 72.24 3386.26
77 73.78 3495.13
77 75.52 3615.94
77 78.63 3723.35
78 42.88 15566.1
78 42.88 15127.2
78 42.88 14669.7
78 42.88 14206.7
78 42.88 13765.5
78 42.88 13362.9
78 42.52 12952.2
78 42.52 12535
78 42.88 12118.4
78 42.88 11732.7
78 42.88 11339.9
78 42.88 10978.9
78 38.7 10645.7
78 39.07 10394
78 39.07 10137.5
78 39.07 9898.23
78 40.06 9687.41
78 41.03 9465.99
79 50.56 7728.71
79 49.44 7709.65
79 42.61 7723.81
79 41.55 7763.59
79 41.55 7822.19
79 40.64 7835.8
79 40.64 7817.66
79 40.64 7770.36
79 40.64 7705.79
79 40.64 7629.11
79 41.55 7561.68
79 41.55 7500.51
79 39.95 7413.24
79 39.95 7302.84
79 52.02 7181.52
79 53.61 7055.76
79 53.61 6968.27
79 53.61 6858.49
80 52.39 6874.8
80 51.71 7040.59
80 50.18 7203.47
80 40.67 7394.69
80 40.67 7596.22
80 40.67 7811.63
80 39.95 8030.52
80 39.95 8130.98
80 38.72 8224.71
80 38.72 8320.22
80 39.95 8393.76
80 39.95 8482.7
80 38.2 8584.42
80 38.2 8610.98
80 39.41 8635.32
80 49.66 8690.75
80 50.12 8751.2
80 51.15 8802.62
81 37.91 19775.1
81 37.91 19863.6
81 37.91 19942.2
81 37.91 20005.8
81 37.91 20062.3
81 37.91 20117.8
81 37.91 20147.7
81 37.91 20135.3
81 37.91 20056.9
81 37.91 19829.3
81 37.91 19573
81 37.91 19334
81 38.28 19107
81 39.61 18864.1
81 52.84 18597.6
81 56.29 18294.2
81 58.62 18003.9
81 59.16 17715.5
82 62.41 5199.79
82 61.87 5357.51
82 53.37 5526.69
82 53.29 5693.96
82 50.9 5886.94
82 46.83 6064.66
82 46.83 6262.98
82 46.83 6403.33
82 46.83 6526.33
82 45.5 6656.73
82 48.16 6771.99
82 46.83 6886.62
82 51.06 6971.91
82 55.66 7161.5
82 69.56 7335.93
82 77.12 7528.59
82 77.83 7775.46
82 74.51 8066.3
83 37.61 11744.9
83 37.61 11939.3
83 37.26 12097.3
83 37.26 12233.8
83 37.26 12357.9
83 34.56 12444.6
83 34.56 12512.9
83 37.26 12616.2
83 36.33 12705
83 32.34 12694.5
83 37.26 12680.8
83 32.34 12700.7
83 37.61 12744.1
83 39.48 12788.8
83 51.82 12872.2
83 53.84 13129.2
83 54.68 13419.5
83 54.31 13670.6
84 39.72 8537.91
84 39.72 8325.97
84 37.57 8405.48
84 37.57 9274.44
84 37.22 10152.4
84 37.22 10884.9
84 37.22 11440.8
84 37.22 11520.6
84 37.22 11590.7
84 36.81 11688.5
84 37.22 11744.6
84 32.94 11684.7
84 41.45 11607.5
84 39.72 11560.1
84 52.05 11416.3
84 59.21 11092.5
84 63.77 10823.6
84 62.49 10664.1
85 38 14928.7
85 36.96 14965.3
85 38.68 14956.6
85 38 14821.2
85 37.64 14687.7
85 37.64 14599.7
85 37.64 14490.7
85 37.64 14328.6
85 37.64 14191.2
85 37.64 14185.5
85 37.64 14162.5
85 36.96 14186.5
85 49.73 14173.2
85 49.73 14117.5
85 53.42 14030.4
85 57.38 13902.6
85 58.92 13784.1
85 58.59 13701.4
86 26.42 21984.4
86 34.02 22254
86 0 22490.6
86 26.42 22613.1
86 20.45 22694.7
86 1.77 22654.7
86 1.77 22537.9
86 0 22192.7
86 15.33 21705.3
86 20.02 20827.9
86 20.55 19916.5
86 34.02 18930.6
86 38.38 17977.3
86 46.66 17222.6
86 53.21 16463.6
86 55.99 15731.5
86 54.5 15048
86 54.43 14489
87 41.2 9634.12
87 40.85 9444.47
87 40.85 9202.31
87 37.46 8846.62
87 35.23 8397.25
87 35.23 7665.15
87 35.23 7000.22
87 35.23 6496.62
87 35.23 6025.38
87 40.85 5668.62
87 35.23 5310.61
87 41.2 4936.09
87 37.74 4540.8
87 37.74 4121.07
87 37.74 3771.75
87 37.74 3550.84
87 37.74 3445.16
87 37.74 3708.08
88 52.7 25412.4
88 39.42 25221.4
88 37.24 25084.7
88 36.89 25106.3
88 36.89 25169
88 36.89 25322.1
88 36.89 25532.5
88 36.89 25804.6
88 36.89 26044.6
88 36.89 26205.5
88 36.89 26329.5
88 36.89 26415.4
88 29.64 26505.5
88 29.64 26639.5
88 29.64 26722.7
88 29.64 26706.4
88 29.64 26683.2
88 29.64 26622.3
89 44.69 13165.5
89 40.11 12935.3
89 44.69 12684.7
89 44.69 12432.7
89 39.55 12164
89 35.48 11912.4
89 35.17 11666.9
89 35.48 11664.3
89 35.48 11656.8
89 33.03 11655.2
89 44.69 11629.1
89 44.69 11582.9
89 30.59 11500
89 37.48 10854.5
89 49.74 10164.8
89 50.84 9490.97
89 50.84 8871.59
89 50.84 8303.88
90 48.83 2151.29
90 40.48 2179.46
90 40.48 2222
90 37.48 2262.46
90 37.48 2336.83
90 36.72 2424.83
90 36.72 2557.93
90 36.72 2651.07
90 36.72 2737.05
90 36.72 2824.05
90 36.72 2907.09
90 37.48 3005.94
90 49.86 3086.16
90 50.29 3139.3
90 53.04 3179.53
90 69.78 3225.59
90 64.43 3302.59
90 64.42 3415.02
91 39.85 7862.07
91 39.85 7191.4
91 39.85 6555.63
91 38.91 5942.44
91 38.91 5368.4
91 38.91 4815.61
91 38.91 4308.29
91 38.91 3910.26
91 38.91 3541.8
91 39.85 3195.91
91 41.98 2873.02
91 39.85 2571.65
91 50.57 2281.07
91 51.43 2010.82
91 92.82 1720.73
91 107.06 1455.3
91 139.05 1244.98
91 97.77 1097.61
92 52.58 19523.9
92 52.1 19385.4
92 51.77 19134.2
92 50.39 18775
92 47.64 18346
92 47.64 18017.8
92 47.64 17770
92 47.64 17834.8
92 47.64 17897.2
92 47.64 17927
92 47.64 17937.7
92 47.64 17888.9
92 36.1 17742.9
92 36.1 17264.4
92 45.69 16758.4
92 65.57 16232.2
92 65.66 15689.3
92 65.66 15067.3
93 48.9 12078.4
93 48.9 12049.3
93 48.9 12063.7
93 48.9 12267.3
93 45.69 12509.9
93 44.62 12794.9
93 44.62 13068.4
93 44.62 13295.3
93 44.62 13506.3
93 44.62 13700.9
93 44.62 13823
93 44.62 13764
93 34.83 13715.6
93 35.59 13675.7
93 35.59 13595
93 35.59 13477.5
93 43.17 13374.5
93 50.86 13269.8
94 58.43 12368.7
94 55.88 12450.1
94 53.19 12559.1
94 42.02 12768.8
94 43.99 13073.4
94 43.99 13680.9
94 42.02 14250.3
94 41.7 14785.2
94 43.99 15282
94 41.26 15715.8
94 41.26 16119
94 41.26 16481.2
94 52.45 16808.5
94 52.45 17097.6
94 52.45 17382.4
94 52.45 17733.1
94 52.45 18076.6
94 52.45 18382.7
95 49.71 2914.37
95 49.18 2996.31
95 49.18 3070.61
95 49.18 3153.37
95 49.18 3227.94
95 35.43 3313.01
95 35.43 3388.08
95 35.43 3570.39
95 34.65 3763.4
95 34.65 3975.49
95 35.43 4190.31
95 42.4 4417.24
95 48.63 4673.01
95 49.65 4809.63
95 58.16 4964.45
95 61.79 5118.53
95 66.09 5322.49
95 61.79 5624.21
96 44.28 15006.2
96 44.28 14325.8
96 44.28 13417.5
96 44.28 12311.1
96 44.28 11056.4
96 44.28 9761.59
96 44.28 8438.53
96 44.28 8768.98
96 44.28 9172.32
96 44.28 9594.13
96 44.28 9963.96
96 43.34 10306
96 38.21 10582.1
96 51.27 12087.4
96 53.11 13484.8
96 54.35 14711.5
96 54.35 15747.5
96 53.11 16602.1
97 32.61 19072.1
97 28.36 19118.2
97 32.61 19136.2
97 28.36 19134.2
97 28.36 19123.8
97 28.36 19079.3
97 28.36 19022.3
97 28.36 18955.5
97 28.36 18957.7
97 28.36 18952.7
97 28.36 18935.6
97 28.36 18927.6
97 28.57 18867.9
97 33.36 18818.8
97 47.31 18703
97 47.31 18601.6
97 47.31 18529.7
97 47.31 18488.7
98 57.07 5734.98
98 49.24 5576.8
98 47.98 5461.23
98 47.98 5420.34
98 47.98 5364.82
98 43.19 5231.58
98 43.19 5079.46
98 43.19 4878.85
98 43.19 4656.21
98 43.19 4400.96
98 43.19 4121.5
98 47.98 3828.91
98 42.02 3508.98
98 48.21 3191.67
98 49.28 2874.3
98 51.13 2626.65
98 51.13 2424
98 51.13 2320.58
99 36.06 14214.1
99 34.78 14262.6
99 34.5 14310.3
99 34.5 14361.2
99 34.18 14394.5
99 34.18 14425.3
99 34.18 14443.5
99 34.18 14458.6
99 34.18 14470.9
99 34.18 14484
99 34.18 14490.7
99 34.5 14488.4
99 34.43 14455.2
99 38.93 14336.4
99 48.81 14225.6
99 49.92 14076.7
99 49.92 13986.4
99 49.92 13909.5
100 45.49 9287.1
100 45.01 8810.62
100 45.01 8360.52
100 45.01 7985.22
100 44.7 7649.28
100 44.7 7355.5
100 44.7 7084.26
100 44.7 6950.56
100 44.7 6828.58
100 44.53 6714.32
100 45.49 6598.73
100 45.01 6473.3
100 48.98 6335.58
100 48.98 6242.13
100 50.17 6149.13
100 51.27 6100.94
100 51.27 6097.21
100 56.28 6211.57
101 39.87 17329.9
101 39.87 17215.2
101 39.87 17081.5
101 39.87 16875.4
101 39.87 16683.9
101 39.87 16567.1
101 39.87 16427.4
101 39.87 16291
101 39.87 16166.8
101 39.87 16050.6
101 39.87 15923.3
101 33.71 15700.9
101 47.66 15498.7
101 35.48 15284.8
101 48.97 15101.8
101 49.31 14980.7
101 48.97 14899.8
101 48.97 14883.6
102 35.72 8563.64
102 35.48 8742.07
102 35.48 8934.51
102 34.17 9128.81
102 34.17 9326.01
102 34.17 9510.18
102 34.17 9681.95
102 34.17 9836.41
102 34.17 9990.79
102 33.85 10160
102 33.85 10349.4
102 34.17 10642.2
102 45.55 10931.6
102 59.84 11260.1
102 64.88 11598.3
102 66.82 12025.9
102 63.75 12484.2
102 61.99 12950.2
103 40.87 22473.6
103 40.39 22556.1
103 40.87 22608.6
103 40.5 22621.7
103 40.39 22633.7
103 40.39 22681.2
103 40.39 22695.3
103 40.39 22653.9
103 40.39 22623.7
103 40.39 22626.3
103 40.09 22626.5
103 40.87 22637.9
103 36.46 22674.5
103 36.46 22660.6
103 39.92 22638.7
103 48.81 22593
103 48.81 22573
103 48.81 22605.2
104 57.21 7034.43
104 56.88 6946.14
104 56.82 6861.27
104 56.82 6790.63
104 53.9 6735.35
104 45.33 6749.01
104 45.33 6745.28
104 41.29 6740.5
104 41.29 6731.35
104 41.29 6725.75
104 45.33 6705.77
104 45.33 6682.12
104 36.98 6676.86
104 36.98 6659.65
104 48.64 6634.98
104 48.64 6628.17
104 48.98 6624.76
104 50.26 6635.04
105 67.7 7888.34
105 66.58 7929.26
105 66.58 7974.48
105 66.58 8021.77
105 60.31 8076.24
105 51.19 8131.34
105 51.19 8187.9
105 51.19 8177.62
105 49.32 8164.38
105 49.32 8142.66
105 51.19 8105.23
105 49.32 8084.49
105 39.37 8079.78
105 43.81 8109.41
105 43.81 8145.36
105 39.37 8196.75
105 43.81 8272.12
105 46.3 8303.09
106 48.15 8743.74
106 42.94 8523.54
106 48 8310.15
106 42.94 8114.41
106 40.2 7917.3
106 40.2 7730.55
106 40.2 7538.88
106 40.2 7400.85
106 40.2 7259.11
106 40.2 7138.8
106 40.2 6996.79
106 40.2 6872.45
106 48.57 6711.23
106 49.96 6558.05
106 52.02 6365.14
106 64.89 6182.9
106 64.89 6012.84
106 73.97 5870.57
107 67.93 3186.04
107 65.56 3500.94
107 63.04 3783.45
107 63.04 3939.06
107 63.04 4119.14
107 59.6 4468.26
107 53.59 4767.28
107 53.59 4939.35
107 53.59 5042.55
107 53.59 4989.21
107 59.6 4942.51
107 63.04 4853.48
107 50.06 4743.25
107 51.13 4578.11
107 65.79 4396.48
107 68.44 4304.26
107 67.13 4216.1
107 67.13 4178.43
108 71.84 19213.6
108 71.84 19302.2
108 71.84 19321.9
108 71.84 19094.1
108 70.16 18883.6
108 70.16 18673.7
108 70.16 18423.7
108 70.16 18121.8
108 70.16 17836.1
108 70.16 17597
108 70.16 17389.5
108 71.84 17221.2
108 54.96 17021.8
108 55.84 16872.3
108 55.84 16692.2
108 58.54 16578.8
108 90.46 16514.8
108 90.46 16555
109 34.65 21780.5
109 34.65 21817
109 33.92 21801
109 32.74 21669.7
109 32.74 21449.1
109 32.74 21061.2
109 33.92 20575.4
109 33.92 19826.1
109 33.92 18970
109 34.65 17887.4
109 36.71 16898.2
109 51.11 16267
109 53.25 15688.6
109 55.28 15291.7
109 55.59 14920.7
109 68.61 14591.4
109 68.6 14315
109 68.6 14120.8
110 59.59 7658.68
110 55.89 7416.11
110 55.59 7192.28
110 52.26 7031.26
110 52.11 6907.95
110 52.54 6821.32
110 52.54 6731.88
110 52.54 6678.29
110 46.82 6640.03
110 46.82 6629.9
110 52.11 6627.58
110 52.11 6621.59
110 51.46 6612.41
110 51.46 6619.26
110 51.46 6639.02
110 53.11 6667.8
110 53.79 6689.8
110 82.67 6711.64
111 45.53 24373.8
111 45.52 24248.4
111 45.52 24091.6
111 45.52 23925.6
111 45.52 23746.5
111 45.52 23568.3
111 45.52 23336.8
111 32.35 23117.7
111 35.24 22852.7
111 35.24 22589.6
111 35.24 22327.3
111 35.24 22046
111 34.49 21758.6
111 34.49 22118.2
111 34.49 22442.5
111 45.52 22776.7
111 45.52 23051
111 45.52 23336.5
112 45.52 12905.7
112 45.52 13072.7
112 46.63 13195.2
112 45.52 13271.9
112 45.52 13364.1
112 45.52 13538
112 34.49 13673.4
112 34.49 13663.8
112 34.49 13649.4
112 34.49 13603.9
112 44.54 13567
112 145.72 13570.5
112 87.34 13524.8
112 94.92 13533.5
112 105.85 13605.4
112 107.86 13792.8
112 130.37 14014.6
112 124.94 14203.5
113 106.44 10341.2
113 103.55 10393.9
113 103.55 10418.2
113 97.92 10308
113 97.92 10185.4
113 96.06 10035
113 96.06 9923.11
113 82.38 9862.21
113 82.38 9775.5
113 82.38 9631.8
113 82.38 9491.98
113 96.06 9377.64
113 62.39 9294.98
113 63.92 9334.99
113 73.31 9413.63
113 73.31 9503.33
113 73.31 9631
113 84.27 9803.87
114 73.31 6580.86
114 73.31 6640.98
114 67.23 6692.51
114 67.03 6739.22
114 67.03 6777.76
114 67.03 6811.27
114 66.24 6846.34
114 63.5 6827.93
114 63.5 6804.47
114 66.24 6777.24
114 67.03 6733.9
114 67.03 6691.03
114 72.32 6637.68
114 72.32 6756.29
114 73.98 6784.7
114 73.38 6810.37
114 99.79 6855.32
114 101.23 7026.68
115 110.71 14701.4
115 110.71 14791.5
115 105.69 14852.4
115 105.69 14863.8
115 103.89 14806
115 105.69 14586.7
115 105.69 14398.3
115 105.69 14229.1
115 105.69 14027
115 105.69 13768.6
115 105.69 13516.3
115 110.71 13315.7
115 45.78 13122
115 45.78 12964.2
115 35.22 12824.1
115 64.7 12760.4
115 65.4 12711.2
115 65.4 12693.2
116 55.24 13646.2
116 53.86 13436.9
116 52.35 13217.2
116 55.06 13164.4
116 53.86 13106.6
116 53.86 13033.4
116 53.86 12946.6
116 53.86 12844.2
116 53.86 12738.1
116 53.86 12776
116 53.86 12815.2
116 55.06 12837.2
116 34.53 12817.5
116 40.86 12807.2
116 58.16 12781.7
116 58.36 13290.1
116 101.7 13819.6
116 101.7 14298.2
117 50.47 9955.04
117 50.47 10129.7
117 50.47 10285.9
117 50.47 10314.2
117 50.47 10288.3
117 50.47 10108.4
117 50.47 9892.58
117 50.47 9566.56
117 50.47 9255.03
117 42.9 9019.9
117 42.9 8861.95
117 50.47 8827.14
117 43.53 8785.81
117 51.87 8772.01
117 52.29 8733.37
117 53.51 8645.43
117 278.87 8550.01
117 284.97 8473.18
118 32.69 20788.9
118 32.69 20765.8
118 29.9 20755.4
118 29.9 20782.5
118 29.9 20790.1
118 29.9 20772.6
118 29.9 20739.1
118 34.36 20705.1
118 29.9 20638.8
118 29.9 20685.4
118 29.9 20717.1
118 35.57 20729.7
118 48.58 20668.8
118 48.58 20565.8
118 51.49 20389.4
118 68.26 20335.6
118 68.26 20307.5
118 69.21 20303.7
119 61.94 7990.92
119 61.8 8540.64
119 54.83 9109.06
119 49.14 10421.9
119 48.41 11795.4
119 47.46 13190.9
119 46.1 14548.9
119 46.09 15674.4
119 46.06 16533.8
119 46.06 17488.8
119 46.09 18408.8
119 46.09 19330.1
119 51.84 20194.9
119 51.84 20929.6
119 74.23 21441.4
119 75.71 21230.8
119 75.71 21032.4
119 75.71 20824.5
120 47.24 7792.77
120 46.45 8004.3
120 46.45 8244.37
120 38.1 8442.38
120 38.1 8643.3
120 38.1 8846.76
120 38.1 9041.86
120 38.1 9249.96
120 38.1 9470.87
120 38.1 9544.23
120 46.45 9604.46
120 46.45 9682.69
120 40.89 9759.69
120 40.89 9854.47
120 60.86 9909.46
120 64.66 10397.8
120 65.04 10863.3
120 65.36 11311.1
121 38.94 22232.5
121 38.94 22206.5
121 37.35 22223.4
121 39.55 22253.7
121 38.94 22262.7
121 37.35 22197
121 38.94 22067
121 38.94 21817.6
121 35.15 21512.9
121 39.55 21271.6
121 38.94 20952.2
121 39.55 20597.3
121 33.63 20193.3
121 47.29 19566
121 47.29 18968.7
121 47.29 18448.3
121 47.29 18065.3
121 47.29 18046.2
122 66.51 4668.7
122 66.51 4847.98
122 53.28 5026.4
122 53.28 5516.96
122 52.76 6023.96
122 52.76 6550.14
122 52.76 7076.28
122 50.79 7604.72
122 50.79 8133.23
122 50.79 8830.15
122 50.79 9556.24
122 50.79 10295.9
122 50.52 11020.7
122 51.07 11704.2
122 67.43 12406.7
122 77.96 12274.3
122 89.61 12166.5
122 83.66 12096.9
123 31.75 5350.33
123 31.75 5589.2
123 31.75 5835.07
123 31.46 5870.91
123 31.46 5898.93
123 31.46 5928.54
123 31.46 5946.7
123 31.46 5958.16
123 27.63 5969.57
123 34.52 5820.26
123 34.52 5665.9
123 34.52 5508.57
123 41.27 5340.72
123 53.65 5169.92
123 59.23 4982.44
123 62.01 4872.91
123 65.43 4752.75
123 60.99 4655.45
124 33.54 17073.2
124 33.54 17016.5
124 34.28 16955.5
124 33.54 16958.9
124 30.83 16977.2
124 30.83 16995.6
124 30.83 17012.1
124 30.83 17026.6
124 30.83 17029.5
124 30.83 16997.2
124 30.83 16962.6
124 30.8 16917.5
124 33.45 16874.8
124 33.45 16821.6
124 33.45 16759.4
124 33.45 16944.9
124 33.45 17133.6
124 33.45 17370.1
125 97.12 13132.5
125 97.12 12628.7
125 90.39 12150
125 87.07 12037
125 88.45 11957.1
125 81.06 11888.1
125 75.57 11817.9
125 57.18 11763.4
125 57.18 11714.9
125 57.18 12084.2
125 57.18 12466.7
125 55.41 12882.8
125 65.79 13326
125 67.06 13725.8
125 67.06 14110.3
125 67.06 14758.7
125 67.06 15428.5
125 69.2 16135.8
126 60.22 16588.7
126 60.22 16733.9
126 60.22 16864.2
126 60.22 16924
126 60.22 16985.9
126 58.02 17051.6
126 58.02 17101.8
126 54.32 17154.7
126 60.22 17172.8
126 66.56 17030.7
126 65.5 16865.1
126 64.23 16682.2
126 33.93 16484.7
126 33.93 16266.7
126 46.97 16019.5
126 48.46 16332.9
126 68.7 16688.8
126 77.52 17043.5
127 89.24 4802.34
127 74.12 4557.37
127 73.51 4348.33
127 73.51 4331.13
127 73.28 4322.61
127 73.28 4324.6
127 73.28 4322.83
127 73.28 4318.79
127 73.28 4335.32
127 73.28 4261.47
127 73.51 4200.56
127 73.51 4118.79
127 47.92 4063.28
127 49.5 3958.49
127 55.62 3832.44
127 56.17 3738.74
127 95.86 3681.49
127 95.86 3655.73
128 41.2 7176.06
128 41.2 7207.83
128 41.2 7207.43
128 41.2 7193.37
128 40.91 7196.25
128 40.91 7198.16
128 40.91 7206.79
128 40.91 7226.98
128 40.91 7247.79
128 40.91 7472.9
128 36.9 7699.51
128 40.8 7901.71
128 58.76 8059.49
128 58.76 8221.96
128 59 8376.67
128 65.54 8313.83
128 65.65 8338.37
128 67 8396.03
129 40.84 15914.8
129 40.84 16228.9
129 40.84 16513.2
129 40.84 16356.5
129 37.05 16161.4
129 37.05 15962.5
129 37.05 15758.1
129 37.05 15545.6
129 37.05 15343
129 37.05 15248.1
129 37.05 15131.6
129 37.05 15023.7
129 57.05 14868.5
129 56.16 14689.7
129 67.77 14475.3
129 97.57 15102.7
129 96.11 15776.4
129 87.17 16573.6
130 69.21 5563.27
130 52.45 5579.96
130 52.07 5625.5
130 52.07 5627.74
130 52.07 5647.87
130 51.11 5647.96
130 50.23 5670.27
130 50.23 5692.19
130 50.23 5721.47
130 50.23 5736.73
130 50.23 5762.87
130 50.23 5787.22
130 45.09 5772.52
130 56.7 5762.53
130 60.62 5764.33
130 64.02 5839.17
130 70.26 5868.14
130 66.06 5914.78
131 54.97 10446.7
131 54.97 10648.4
131 54.37 10845.1
131 48.48 10664.5
131 48.48 10489
131 48.48 10329.4
131 48.48 10169.8
131 48.48 10029.4
131 48.48 9902.25
131 54.37 9546.43
131 54.37 9226.85
131 54.37 8933.41
131 32.97 8639.69
131 32.97 8335.97
131 43.36 8086.51
131 47.55 7516.2
131 49.15 6969.56
131 49.68 6454.95
132 40.6 4494.98
132 39.4 4673.19
132 39.4 4803.52
132 39.4 4738.91
132 39.4 4687.96
132 39.4 4623.92
132 39.12 4554.49
132 39.12 4391.75
132 39.12 4225.87
132 39.12 4084.12
132 37.92 3938.45
132 40.3 3766.58
132 33.1 3558.8
132 43.52 3353.98
132 44.45 3173.92
132 45.37 2970.27
132 89.77 2775.8
132 89.85 2679.96
133 50.25 7847.33
133 38.91 7909.37
133 38.16 7986.81
133 38.16 8415.11
133 38.16 8884.06
133 38.16 9355.16
133 37.88 9834.33
133 37.88 10366.5
133 37.88 10890.5
133 37.88 11142.6
133 37.88 11395.5
133 31.72 11622.1
133 51.33 11814.3
133 52.62 11940.4
133 63.79 12027.2
133 72.94 13018.6
133 91.78 14028.6
133 80.2 15019.7
134 70.33 8034.27
134 70.33 7584.39
134 70.33 7239.36
134 63.75 7115.29
134 63.75 7014.72
134 63.75 6896.71
134 63.75 6811.69
134 63.75 6865.98
134 63.75 6846.23
134 72.12 6569.43
134 67.76 6376.15
134 72.12 6228.16
134 32.91 6043.84
134 44.47 5933.46
134 46 5780.62
134 49.5 5628.34
134 64.04 5441.74
134 66.19 5157.29
135 30.36 19980.5
135 30.36 19782.9
135 30.36 19585.9
135 25.15 20044.2
135 25.15 20484.1
135 30.36 20897.6
135 30.36 21275.1
135 25.15 21614.7
135 25.15 21935.1
135 25.15 21945.4
135 25.15 21966
135 30.36 21961.4
135 28.64 21946.9
135 28.64 21915
135 32.28 21862.3
135 36.41 21989.9
135 41.56 22108.8
135 46.64 22223.5
136 30.63 26509.4
136 30.63 26744.8
136 21.54 26926.8
136 19.99 27103.6
136 19.99 27271.9
136 22.55 27393.7
136 19.99 27504.5
136 21.54 27590.5
136 21.54 27658.6
136 21.54 27657.8
136 21.54 27653.3
136 21.54 27610.9
136 17.06 27566.8
136 18.44 27511
136 18.55 27412.8
136 21.54 27454.7
136 28 27401.6
136 27.16 27416.5
137 42.19 4413.62
137 39.96 4353.71
137 41.82 4313.23
137 39.96 4363.88
137 39.96 4412.78
137 39.96 4452.65
137 39.96 4500.8
137 39.96 4551.16
137 39.96 4611.14
137 39.68 4743.38
137 39.68 4890.98
137 39.68 5037.98
137 39.12 5136.43
137 42.54 5263.39
137 42.54 5321.67
137 57.05 5393.13
137 66.32 5460.31
137 69.36 5573.85
138 56.8 9989.78
138 55.38 9558.67
138 55.38 9164.52
138 55.38 9065.85
138 55.38 8974.01
138 55.38 8876.04
138 55.38 8778.3
138 55.38 8686.5
138 55.38 8581.53
138 55.11 8631.98
138 55.11 8711.68
138 55.11 8825.65
138 42.11 8932.12
138 40.59 9052.26
138 42.11 9184.63
138 40.59 9408.47
138 42.11 9711.06
138 56.06 10073.1
139 37.61 9365.54
139 36.72 9069.72
139 36.65 8760.66
139 36.18 8522.52
139 36.18 8281.95
139 36.18 8062.37
139 36.18 7845.64
139 36.18 7630.36
139 36.18 7426.14
139 31.33 7356.61
139 37.61 7283.92
139 37.61 7195.89
139 31.92 7092.08
139 31.92 6966.14
139 46.19 6848.33
139 48.56 6255.73
139 80.11 5735.08
139 115.21 5282.67
140 58.49 8429.51
140 58.49 8347.43
140 41.69 8274.2
140 40.31 8207.21
140 42.85 8173.55
140 40.31 8182.39
140 39.37 8159.97
140 39.37 8151.24
140 40.31 8116.11
140 40.31 8084.01
140 39.37 8029.96
140 39.37 8032.71
140 30.49 7994.37
140 30.49 7932.66
140 30.49 7872.53
140 31.71 7817.19
140 31.94 7763.05
140 45.94 7722.78
141 49.41 1547.77
141 48.2 1545.49
141 48.2 1558.74
141 48.2 1520
141 48.2 1470.61
141 48.2 1417.35
141 48.2 1379.88
141 48.2 1341.67
141 48.2 1312
141 46.7 1303.9
141 49.41 1297.51
141 48.2 1299.06
141 47.29 1245.5
141 47.29 1201.72
141 59.55 1118.2
141 65.33 1108.88
141 66.31 1094.2
141 66.44 1100.82
142 47.29 2441.42
142 47.29 2462.5
142 45.25 2471.28
142 45.25 2439.66
142 44.01 2400.25
142 44.01 2365.33
142 44.01 2349.31
142 44.01 2332.38
142 44.01 2331.94
142 44.01 2323.33
142 44.01 2314.86
142 44.01 2290.47
142 30.38 2236.28
142 31.63 2192.29
142 45.79 2155.11
142 48.22 2077
142 48.5 1977.2
142 48.5 1937.83
143 76.37 255.19
143 76.37 410.374
143 71.76 575.632
143 76.37 634.62
143 74.07 714.052
143 74.07 786.209
143 74.07 859.634
143 74.07 934.916
143 74.07 1009.85
143 74.07 1145.31
143 74.07 1281.94
143 74.07 1453.19
143 32.6 1602.9
143 40.48 1741.58
143 46.95 1882.73
143 48.85 2125.71
143 48.85 2313.04
143 105.12 2424.82
144 32.54 12118.2
144 30.24 12089.4
144 29.97 12121
144 29.97 12324.1
144 29.97 12630.8
144 29.97 13232.9
144 29.97 13762.8
144 25.03 14058.8
144 25.03 14290.9
144 25.03 14388.7
144 30.33 14460.4
144 32.54 14446.5
144 32.57 14455.9
144 35.27 14266.5
144 48.25 14043.5
144 49.72 13795
144 98.48 13531.4
144 98.48 13327.4
145 40.05 3420.53
145 36.16 3444.12
145 32.68 3477.15
145 32.68 3548.59
145 30.19 3612.4
145 29.55 3693.45
145 29.55 3785.39
145 29.29 3885.74
145 29.29 4004.19
145 26.43 4173.37
145 32.68 4324.08
145 36.16 4500.31
145 47.6 4670.43
145 60.96 4864.46
145 69.43 5060.34
145 76.71 5390.04
145 77.42 5782.55
145 72.83 6200.4
146 82.36 4380.11
146 82.36 4313.42
146 79.26 4237.89
146 79.26 4347.76
146 78.99 4456.12
146 78.99 4569.39
146 78.99 4688.3
146 78.99 4793.26
146 78.99 4879.82
146 78.4 4811.08
146 76.48 4715.31
146 82.36 4638.81
146 32.38 4508.55
146 48.03 4389.12
146 48.03 4280.27
146 48.03 4610.36
146 48.81 4723.37
146 91.99 4815.57
147 64.56 2971.88
147 63.76 3018.01
147 58.89 3087.55
147 61.19 3133.71
147 58.89 3163.84
147 55.4 3195.62
147 55.4 3230.26
147 55.4 3268.2
147 55.4 3304.16
147 60.39 3192.82
147 58.89 3088.51
147 64.56 2979.75
147 32.38 2866.47
147 32.38 2773.58
147 47.59 2675.83
147 48.29 2478.9
147 48.84 2227.94
147 103.09 1962.6
148 84.59 13887.9
148 84.41 13895.5
148 81.68 13924.1
148 81.68 14043.4
148 81.68 14139.7
148 81.68 14306.2
148 81.68 14380.6
148 81.68 14248.9
148 81.41 14104.3
148 81.68 13928.9
148 81.14 13759.7
148 81.68 13632.8
148 35.24 13533.4
148 32.2 13473.4
148 35.42 13385.2
148 38.63 13275.4
148 53.86 13183.3
148 47.16 13157.7
149 59.46 2774.1
149 56.34 2747.33
149 62.59 2712.35
149 59.46 2647.78
149 62.31 2593.03
149 56.34 2533.31
149 56.34 2474.89
149 56.34 2412.42
149 56.34 2357.37
149 56.34 2392.53
149 62.59 2429.17
149 62.59 2476.24
149 55.98 2475.22
149 55.98 2496.76
149 74.31 2502.47
149 79.5 2782.59
149 79.72 3052.33
149 79.75 3327
150 55.26 10432.2
150 55.26 10412.9
150 39.28 10394
150 42.31 10341.2
150 35.85 10277.4
150 42.43 10240.8
150 39.27 10209.9
150 39.27 10178.8
150 39.28 10142.9
150 39.27 10021.7
150 39.27 9909.36
150 39 9807.36
150 34.79 9685.4
150 41.18 9588.22
150 41.64 9475.41
150 42.19 9410.52
150 53.11 9329.7
150 53.11 9220.95
151 29.33 7277.94
151 26.44 7429.59
151 32.49 7577.27
151 29.33 7609.7
151 29.33 7627.07
151 29.33 7639.13
151 29.33 7655.95
151 29.33 7658.26
151 23.28 7659.63
151 30.19 7492
151 26.44 7328.75
151 32.49 7182.85
151 34.32 6987.66
151 35.61 6809.57
151 46.23 6613.37
151 47.78 6473.28
151 48.34 6318.53
151 51.38 6123.45
152 61.74 7540.37
152 60.01 7593.2
152 60.01 7645.05
152 59.73 7576.17
152 59.73 7497.79
152 59.73 7414.42
152 59.73 7334.05
152 59.73 7248.13
152 59.73 7167.93
152 59.73 7093.26
152 58 7013.91
152 61.74 6928.08
152 32.61 6821.55
152 46.05 6687.66
152 48.25 6563.81
152 51.63 6438.64
152 51.22 6319.67
152 50.74 6149.23
153 44.72 12202.2
153 33.45 12062.7
153 33.45 11910.4
153 33.45 11859.3
153 32.44 11813.2
153 32.44 11779.5
153 32.44 11726.6
153 32.44 11663.3
153 32.44 11622.1
153 32.44 11939.8
153 32.44 12265.3
153 32.44 12605.4
153 33.54 12955.3
153 34.29 13279.3
153 34.29 13605.9
153 32.99 13781.9
153 32.99 13897.8
153 47.44 13977.8
154 56.36 344.039
154 56.35 400.972
154 55.85 444.372
154 54.59 500.39
154 54.59 582.586
154 52.78 652.644
154 52.78 702.061
154 52.78 697.657
154 52.78 710.118
154 52.78 749.61
154 52.78 786.609
154 54.59 895.423
154 48.04 961.193
154 50.17 1047.02
154 50.54 1088.16
154 91.44 1115.67
154 106.16 1121.34
154 112.81 1048.29
155 63.67 6144.67
155 54.09 6200.15
155 47.63 6251.39
155 44.79 6277.9
155 44.79 6313.65
155 44.79 6344.47
155 44.79 6378.27
155 42.51 6400.4
155 42.51 6424.54
155 42.51 6410.22
155 42.51 6399.81
155 44.79 6387.37
155 33.7 6362.43
155 37.49 6335.05
155 33.7 6321.01
155 49.33 6242.58
155 50.09 6156.27
155 51.82 6082.92
156 50.34 5074.73
156 50.34 5236.55
156 50.34 5428.2
156 38.32 6146.07
156 38.32 6967.31
156 33.94 7921.12
156 31.74 8985.99
156 31.45 10067.8
156 31.45 11093.8
156 28.47 12017.1
156 30.03 12985.5
156 28.47 13992.3
156 33.92 15015.3
156 33.92 15977.2
156 50.37 16843.9
156 51.28 17598.4
156 52.12 18308.9
156 52.12 18955
157 69.98 8933.54
157 58.18 8870.25
157 52.03 8825.15
157 52.03 8848.37
157 52.03 8836.5
157 51.21 8776.61
157 49.97 8674.08
157 49.97 8512.88
157 52.03 8336.06
157 52.03 8220.93
157 52.03 8101.21
157 52.03 8004.94
157 62.88 7915.97
157 62.88 7906.35
157 62.88 7884.07
157 69.44 7917.2
157 70.23 7966.73
157 70.41 8098.91
158 62.31 2691.01
158 61.11 2691.29
158 52.37 2679.84
158 52.37 2665.41
158 52.37 2650.88
158 52.37 2634.81
158 52.37 2619.08
158 52.37 2617.71
158 52.37 2614.72
158 52.37 2615.43
158 52.37 2612.52
158 52.37 2588.41
158 48.98 2564.21
158 49.92 2552.19
158 55.85 2520.27
158 63.9 2486.45
158 68.81 2460.38
158 71.73 2453.03
159 56.25 11245.8
159 56.25 11436.5
159 48.78 11600.4
159 42.48 11722.2
159 41.49 11799.4
159 41.49 11686
159 41.49 11548.3
159 38.38 11379.9
159 41.49 11168.4
159 41.49 10797.6
159 41.49 10446.1
159 41.49 10157.8
159 51.92 9911.22
159 58.36 9668.67
159 58.36 9453.66
159 64.76 9281.77
159 65.55 9116.2
159 66.58 9069.3
160 51.21 14237.7
160 48.96 14544.1
160 48.96 14816.3
160 48.96 14979.8
160 48.95 15116.3
160 48.68 15198.5
160 48.67 15315.9
160 48.68 15518.5
160 48.67 15684.4
160 45.53 15766.2
160 51.82 15809.8
160 48.68 15900.9
160 34.21 15974.2
160 34.21 15985.1
160 34.21 15991.4
160 34.21 16004
160 34.21 15950.6
160 38.02 15727.9
161 35.09 14844.4
161 35.09 14753
161 31.51 14750.5
161 31.51 14998.9
161 31.51 15187.6
161 31.23 15257.2
161 31.23 15318.8
161 11.91 15421.5
161 19.04 15490.6
161 19.04 15464.4
161 12.43 15418
161 35.09 15372.6
161 42.36 15255.4
161 48.9 14968.2
161 67.19 14652.2
161 67.19 14319.6
161 67.19 14037.1
161 67.19 13812.5
162 49.61 6053.93
162 65.27 6056.78
162 61.16 6073.86
162 58.45 6079.71
162 55.74 6108.74
162 61.16 6165.28
162 58.45 6235.32
162 58.45 6300.36
162 58.45 6362.46
162 58.45 6455.67
162 55.46 6542.03
162 61.16 6628.31
162 62.76 6671.5
162 63.98 6727.24
162 70.64 6742.9
162 80.77 6723.9
162 82.76 6691.17
162 79.37 6639.44
163 38.66 17483.8
163 38.58 17391.4
163 44.72 17387.7
163 38.66 17609
163 38.58 17768.9
163 38.58 17789.6
163 35.03 17739.9
163 38.58 17551
163 38.58 17320.5
163 38.58 17046.4
163 38.66 16803.5
163 38.58 16584.7
163 33.68 16387.8
163 34 16202
163 46.7 16014.8
163 46.7 15837.5
163 46.7 15639.5
163 46.7 15518.7
164 41.52 12143.7
164 47.79 11550.7
164 39.79 11027.8
164 47.79 10664.1
164 47.79 10277.9
164 47.79 9832.57
164 39.79 9381.24
164 47.79 8909.87
164 39.9 8523.24
164 39.79 8377.14
164 47.79 8248.62
164 47.79 8137.14
164 33.92 7969.87
164 47.46 7701.77
164 49 7401.71
164 50.88 7083.71
164 51.53 6789.67
164 51.53 6510.19
165 34.55 7212.91
165 33.92 7388.05
165 30.88 7697.05
165 30.88 8332.3
165 30.88 8991.63
165 28 9780.43
165 28 10500
165 23.66 11015.5
165 20.8 11479.7
165 20 11783.7
165 20.12 12045.8
165 28 12155.7
165 33.83 12244.9
165 47.94 12130
165 48.53 11948.7
165 52.39 11614.9
165 56.15 11281.5
165 54.49 10901.8
166 45.92 5831.6
166 45.92 5833.97
166 42.88 5874.51
166 42.6 5993.17
166 42.6 6084.57
166 42.6 6213.7
166 42.6 6350.9
166 42.6 6524.82
166 42.6 6697.69
166 42.6 6970.34
166 42.6 7216.53
166 45.92 7478.36
166 52.7 7717.22
166 53.13 7997.05
166 54.76 8272.25
166 57.85 8650.06
166 517.4 9031.65
166 56.85 9430.11
167 31.03 23022.8
167 31.96 23070.6
167 31.49 24082.1
167 31.21 24389.2
167 22.52 24679.5
167 22.88 24911.9
167 23.93 25092.1
167 22.52 25575.1
167 22.26 25944.8
167 20 26266.9
167 20.49 26505.9
167 21.14 26694.9
167 20 26821.5
167 19 26956.2
167 10 27080
167 20 27173.9
167 20 27235.1
167 28.57 27272.4
168 41.72 11331.5
168 36.24 11198.5
168 36.24 11057.5
168 35.83 10926.7
168 31.78 10792.2
168 31.78 10668.4
168 31.78 10531
168 31.78 10418.8
168 31.78 10300.9
168 31.5 10199.1
168 31.78 10085
168 31.5 9972.19
168 36.23 9857.31
168 36.23 9761.45
168 40.82 9649.65
168 41.22 9545.13
168 36.19 9478.57
168 47.48 9389.09
169 33.96 17955.3
169 30.47 18725.5
169 30.29 19442.3
169 30.29 20069.6
169 30.02 20597.5
169 30.02 21042.3
169 20.29 21422.5
169 20.29 21690.7
169 20.29 21916.7
169 20.29 22090.3
169 20.29 22236.8
169 30.02 22355.1
169 30.47 22418.1
169 33.85 22464.3
169 51.24 22443.9
169 51.24 22408.2
169 51.24 22364.1
169 51.24 22310.6
170 34.41 5367.73
170 42.32 5294.24
170 34.41 5219.38
170 30.86 5145.45
170 30.86 5085.21
170 30.86 5015.58
170 30.86 4939.13
170 30.86 4915.9
170 30.86 4879.02
170 30.86 4855.55
170 30.86 4822.07
170 42.32 4764.19
170 48.96 4668.87
170 52.96 4475.35
170 60.79 4281.3
170 60.45 4087.13
170 57.76 3946.77
170 56.88 3831.56
171 57.27 -259.087
171 48.98 -98.0182
171 48.98 101.504
171 42.23 340.515
171 42.23 618.033
171 42.23 912.818
171 39.28 1240.13
171 39.28 1326.76
171 38.52 1439.53
171 38.52 1584.91
171 39.28 1716.78
171 39.28 1905.15
171 35.68 2090.08
171 51.97 2054.56
171 54.86 1994.93
171 58.76 1951.43
171 58.76 1969.62
171 54.86 1998.09
172 41.03 7220.83
172 41.03 7431.1
172 33.85 7632.75
172 33.85 7867.96
172 31.29 8094.83
172 31.29 8280.42
172 31.29 8465.81
172 31.29 8294.59
172 31.29 8094.45
172 31.29 7880.35
172 31.29 7657.84
172 33.85 7418.74
172 44.99 7199.93
172 51.3 7227.51
172 56.4 7230.39
172 66.08 7244.41
172 59.14 7283.79
172 59.14 7380.05
173 55.38 10305.2
173 55.38 10510.7
173 51.85 10703.2
173 50.53 10893.2
173 50.53 11081.9
173 50.24 11275.1
173 50.24 11454.8
173 50.24 11267.7
173 50.24 11099.7
173 50.24 10923.6
173 50.24 10734.5
173 50.24 10558.9
173 50.6 10369.3
173 51.24 10456.5
173 54.12 10559.7
173 58.72 10655.6
173 56.36 10786.9
173 73.69 10924.9
174 50.08 17839.1
174 37.96 18010.1
174 37.96 18147.9
174 33.68 18289.5
174 33.68 18384.2
174 33.68 18476.1
174 27.36 18539.2
174 33.68 18697.1
174 32.3 18848.7
174 32.3 18982.2
174 32.31 19121.6
174 33.68 19227.7
174 36.11 19305.2
174 50.42 19449.6
174 50.42 19560.4
174 50.62 19649.4
174 51.58 19763.6
174 50.62 19904.4
175 32.3 24232.8
175 30.76 24183.2
175 30.76 24101.9
175 30.48 24011.8
175 30.48 23866.5
175 30.48 23688.7
175 20.33 23474.6
175 11.96 23328.1
175 20.33 23143.8
175 30.48 22929
175 30.48 22686.2
175 30.48 22394.8
175 32.3 22022.4
175 32.3 21916.3
175 49.54 21768.8
175 50.98 21583.9
175 60.87 21423.9
175 63.46 21297.4
176 45.72 23126.9
176 46.32 23124.1
176 46.16 23044.1
176 46.16 22872.4
176 46.16 22592.7
176 46.16 22203.5
176 45.44 21701.9
176 46.32 21598.4
176 46.16 21350.3
176 46.16 21022.8
176 46 20587.9
176 46.32 20057.1
176 34.96 19348.9
176 50.43 19005.1
176 53.91 18599.2
176 63.85 18159.3
176 76.89 17718.7
176 76.89 17310.8
177 51.17 19456.6
177 38 19538
177 36.42 19606.6
177 34.26 19644.6
177 32 19668.6
177 30.91 19662.9
177 30.65 19649.2
177 30.65 19625.6
177 30.65 19585.4
177 30.65 19536.9
177 30.91 19483.2
177 30.91 19415.2
177 36.98 19328.3
177 36.98 19980.1
177 52.83 20566.6
177 52.83 21084.6
177 52.83 21540.1
177 52.83 21977.6
178 30.91 26193.1
178 30.6 26278.3
178 30.6 26345.7
178 30.6 26435.4
178 30.6 26448.4
178 30.32 26438.5
178 20 26389.1
178 20 26434.7
178 20 26486.1
178 20 26507.2
178 30.32 26507.3
178 30.32 26497.3
178 31.5 26450.8
178 31.5 26433.5
178 31.5 26392.5
178 31.5 26327.2
178 35.63 26237.2
178 35.63 26135.2
