238.0 0.0 2.0 26.0 6.0 289.2 3272.62 42.94 610.66 44.2
238.0 0.0 2.0 26.0 6.0 293.2 3091.49 39.93 644.08 40.48
238.0 0.0 2.0 26.0 6.0 297.8 2920.12 38.97 638.49 39.52
238.0 0.0 2.0 26.0 6.0 301.9 2803.23 38.6 624.1 39.52
238.0 0.0 2.0 26.0 6.0 304.9 2723.76 38.6 607.67 39.15
238.0 0.0 2.0 26.0 6.0 304.5 2659.76 38.6 596.76 39.15
238.0 0.0 2.0 26.0 6.0 300.1 2615.96 38.6 578.35 39.15
238.0 0.0 2.0 26.0 6.0 287.8 2588.07 38.6 582.2 39.15
238.0 0.0 2.0 26.0 6.0 281.3 2585.73 38.6 577.11 39.15
238.0 0.0 2.0 26.0 6.0 294.8 2577.98 38.6 567.62 39.15
238.0 0.0 2.0 26.0 6.0 305.3 2545.01 38.6 597.35 39.15
238.0 0.0 2.0 26.0 6.0 307.3 2574.95 38.6 593.19 39.15
584.0 0.0 0.0 24.0 6.0 300.3 2915.7 41.88 409.47 42.8
584.0 0.0 0.0 24.0 6.0 316.0 2811.47 41.88 387.27 42.8
584.0 0.0 0.0 24.0 6.0 333.31 2705.5 41.88 412.92 36.24
584.0 0.0 0.0 24.0 6.0 352.39 2642.89 41.88 400.81 36.24
584.0 0.0 0.0 24.0 6.0 372.83 2556.76 41.88 404.26 35.85
584.0 0.0 0.0 24.0 6.0 394.69 2511.12 41.88 400.28 35.85
584.0 0.0 0.0 24.0 6.0 417.89 2476.94 41.88 408.08 35.85
584.0 0.0 0.0 24.0 6.0 441.63 2450.75 41.88 416.61 35.85
584.0 0.0 0.0 24.0 6.0 464.42 2431.36 41.88 421.19 35.85
584.0 0.0 0.0 24.0 6.0 489.03 2443.27 41.88 414.65 36.24
584.0 0.0 0.0 24.0 6.0 513.23 2433.58 41.88 440.31 36.24
584.0 0.0 0.0 24.0 6.0 537.32 2499.2 41.88 427.27 42.8
362.0 0.0 1.0 44.0 10.0 184.31 3371.65 43.92 596.82 46.83
362.0 0.0 1.0 44.0 10.0 188.13 3174.2 40.38 571.93 46.58
362.0 0.0 1.0 44.0 10.0 192.91 3024.31 38.9 554.14 46.58
362.0 0.0 1.0 44.0 10.0 198.98 2918.45 38.9 540.55 46.23
362.0 0.0 1.0 44.0 10.0 206.31 2847.3 38.9 547.4 46.23
362.0 0.0 1.0 44.0 10.0 215.07 2777.41 38.55 553.59 46.23
362.0 0.0 1.0 44.0 10.0 225.05 2716.28 38.55 552.91 46.23
362.0 0.0 1.0 44.0 10.0 219.01 2720.49 38.55 565.05 46.23
362.0 0.0 1.0 44.0 10.0 213.43 2725.46 38.55 561.7 46.23
362.0 0.0 1.0 44.0 10.0 208.3 2718.17 38.55 557.09 46.23
362.0 0.0 1.0 44.0 10.0 203.57 2736.69 38.9 575.1 46.23
362.0 0.0 1.0 44.0 10.0 198.78 2817.06 38.9 574.29 46.58
592.0 0.0 1.0 25.0 6.0 32.06 2969.72 39.6 511.55 64.44
592.0 0.0 1.0 25.0 6.0 30.85 2838.29 38.1 520.94 54.71
592.0 0.0 1.0 25.0 6.0 29.75 2738.11 39.6 547.65 47.75
592.0 0.0 1.0 25.0 6.0 29.14 2653.91 39.6 586.53 47.75
592.0 0.0 1.0 25.0 6.0 28.95 2578.93 37.82 554.62 46.74
592.0 0.0 1.0 25.0 6.0 29.21 2548.59 37.82 532.41 46.25
592.0 0.0 1.0 25.0 6.0 29.78 2538.46 37.82 529.0 46.25
592.0 0.0 1.0 25.0 6.0 30.76 2521.75 37.82 543.44 47.75
592.0 0.0 1.0 25.0 6.0 32.02 2495.75 37.82 558.78 46.25
592.0 0.0 1.0 25.0 6.0 32.3 2518.06 34.82 535.71 44.47
592.0 0.0 1.0 25.0 6.0 33.78 2567.23 39.6 541.05 47.75
592.0 0.0 1.0 25.0 6.0 36.71 2604.8 39.6 539.91 44.75
386.0 0.0 4.0 47.0 11.0 717.59 3762.95 39.16 495.99 37.91
386.0 0.0 4.0 47.0 11.0 679.97 3584.42 37.91 500.69 37.91
386.0 0.0 4.0 47.0 11.0 642.78 3442.16 37.91 493.39 37.91
386.0 0.0 4.0 47.0 11.0 606.07 3286.38 37.91 503.19 37.91
386.0 0.0 4.0 47.0 11.0 569.97 3192.14 37.91 493.78 37.56
386.0 0.0 4.0 47.0 11.0 534.81 3117.77 37.56 501.02 37.56
386.0 0.0 4.0 47.0 11.0 500.8 3063.26 37.56 509.59 37.56
386.0 0.0 4.0 47.0 11.0 479.87 3012.39 37.56 505.43 37.56
386.0 0.0 4.0 47.0 11.0 459.14 2995.71 37.56 515.05 37.56
386.0 0.0 4.0 47.0 11.0 438.68 2974.97 37.34 522.54 37.91
386.0 0.0 4.0 47.0 11.0 418.53 2981.77 37.91 592.35 37.91
386.0 0.0 4.0 47.0 11.0 398.52 3027.08 37.91 614.35 37.91
89.0 0.0 6.0 4.0 1.0 378.3 3904.14 41.94 594.94 44.76
89.0 0.0 6.0 4.0 1.0 377.4 3744.62 41.94 582.06 43.35
89.0 0.0 6.0 4.0 1.0 375.9 3587.91 41.94 588.5 43.27
89.0 0.0 6.0 4.0 1.0 369.0 3409.87 41.19 566.13 43.27
89.0 0.0 6.0 4.0 1.0 363.3 3267.44 41.19 556.45 43.23
89.0 0.0 6.0 4.0 1.0 362.0 3102.92 40.71 560.94 42.47
89.0 0.0 6.0 4.0 1.0 357.1 3060.2 40.39 560.73 42.47
89.0 0.0 6.0 4.0 1.0 343.5 3009.21 40.39 568.34 42.47
89.0 0.0 6.0 4.0 1.0 330.4 3005.42 40.39 569.81 42.47
89.0 0.0 6.0 4.0 1.0 316.6 2936.22 40.39 576.61 42.47
89.0 0.0 6.0 4.0 1.0 304.3 2928.13 40.39 591.78 42.47
89.0 0.0 6.0 4.0 1.0 298.7 2901.59 40.39 596.83 42.47
355.0 0.0 0.0 43.0 10.0 367.91 3212.69 49.51 463.77 54.21
355.0 0.0 0.0 43.0 10.0 343.52 3140.11 49.16 459.71 54.21
355.0 0.0 0.0 43.0 10.0 320.28 3014.9 49.16 462.26 54.21
355.0 0.0 0.0 43.0 10.0 299.35 2945.47 49.16 474.02 54.21
355.0 0.0 0.0 43.0 10.0 279.26 2865.76 49.16 484.68 54.21
355.0 0.0 0.0 43.0 10.0 259.96 2789.37 49.16 501.06 54.21
355.0 0.0 0.0 43.0 10.0 241.42 2732.16 49.16 501.92 54.21
355.0 0.0 0.0 43.0 10.0 223.84 2707.16 49.16 506.18 54.21
355.0 0.0 0.0 43.0 10.0 207.14 2655.39 49.16 515.3 54.21
355.0 0.0 0.0 43.0 10.0 207.83 2679.53 49.16 532.58 54.21
355.0 0.0 0.0 43.0 10.0 208.56 2698.34 49.16 546.56 54.21
355.0 0.0 0.0 43.0 10.0 209.28 2828.94 49.16 541.11 54.21
566.0 0.0 3.0 21.0 5.0 928.39 3106.4 44.02 350.58 40.84
566.0 0.0 3.0 21.0 5.0 949.87 3006.88 44.02 344.76 40.84
566.0 0.0 3.0 21.0 5.0 970.37 2906.19 44.02 378.49 40.84
566.0 0.0 3.0 21.0 5.0 957.44 2853.44 44.02 353.72 40.84
566.0 0.0 3.0 21.0 5.0 942.87 2764.39 44.02 382.75 37.05
566.0 0.0 3.0 21.0 5.0 927.99 2713.36 44.02 394.06 37.05
566.0 0.0 3.0 21.0 5.0 912.66 2689.28 44.02 392.4 37.05
566.0 0.0 3.0 21.0 5.0 897.25 2654.93 40.23 411.52 37.05
566.0 0.0 3.0 21.0 5.0 881.73 2639.14 40.23 395.78 37.05
566.0 0.0 3.0 21.0 5.0 874.61 2633.07 40.23 392.71 37.05
566.0 0.0 3.0 21.0 5.0 867.21 2687.68 44.02 405.71 37.05
566.0 0.0 3.0 21.0 5.0 859.51 2732.82 44.02 392.35 37.05
158.0 1.0 6.0 14.0 4.0 329.29 3247.88 53.68 509.44 49.36
158.0 1.0 6.0 14.0 4.0 325.21 3193.74 53.41 509.53 49.36
158.0 1.0 6.0 14.0 4.0 321.59 3061.98 53.41 513.91 49.36
158.0 1.0 6.0 14.0 4.0 324.13 2948.8 50.73 484.9 47.54
158.0 1.0 6.0 14.0 4.0 326.69 2864.33 50.02 450.58 47.54
158.0 1.0 6.0 14.0 4.0 328.83 2767.89 50.02 433.49 47.12
158.0 1.0 6.0 14.0 4.0 331.06 2695.51 50.02 425.95 47.12
158.0 1.0 6.0 14.0 4.0 333.31 2640.94 49.6 422.36 47.12
158.0 1.0 6.0 14.0 4.0 335.51 2609.95 49.6 419.4 47.12
158.0 1.0 6.0 14.0 4.0 329.41 2604.88 47.89 413.3 47.12
158.0 1.0 6.0 14.0 4.0 323.38 2622.54 53.29 452.05 47.54
158.0 1.0 6.0 14.0 4.0 317.66 2620.12 50.02 481.17 47.54
96.0 0.0 6.0 5.0 2.0 296.0 3954.0 63.18 544.45 83.73
96.0 0.0 6.0 5.0 2.0 276.22 3789.32 62.0 568.83 82.4
96.0 0.0 6.0 5.0 2.0 256.61 3662.02 61.88 576.85 82.4
96.0 0.0 6.0 5.0 2.0 237.91 3522.42 53.81 589.61 82.4
96.0 0.0 6.0 5.0 2.0 220.16 3388.83 52.72 587.65 82.0
96.0 0.0 6.0 5.0 2.0 203.49 3270.32 52.72 601.37 82.0
96.0 0.0 6.0 5.0 2.0 187.94 3171.52 52.72 612.49 82.0
96.0 0.0 6.0 5.0 2.0 178.12 3125.04 52.72 613.06 82.0
96.0 0.0 6.0 5.0 2.0 168.97 3101.91 52.72 621.96 82.0
96.0 0.0 6.0 5.0 2.0 160.43 3046.8 52.32 623.02 82.0
96.0 0.0 6.0 5.0 2.0 152.27 3002.86 52.32 612.23 82.0
96.0 0.0 6.0 5.0 2.0 144.4 2995.44 52.32 606.62 82.0
266.0 0.0 2.0 30.0 7.0 57.82 3177.25 44.28 681.31 50.34
266.0 0.0 2.0 30.0 7.0 60.12 3048.35 44.28 703.16 48.92
266.0 0.0 2.0 30.0 7.0 61.79 2907.26 43.02 723.07 47.42
266.0 0.0 2.0 30.0 7.0 62.9 2776.79 41.05 696.99 47.42
266.0 0.0 2.0 30.0 7.0 64.22 2710.2 39.55 670.18 47.42
266.0 0.0 2.0 30.0 7.0 65.96 2646.51 39.55 667.22 47.42
266.0 0.0 2.0 30.0 7.0 67.99 2599.6 39.55 650.13 47.42
266.0 0.0 2.0 30.0 7.0 70.2 2574.49 39.55 653.66 47.42
266.0 0.0 2.0 30.0 7.0 72.91 2559.8 39.55 655.7 47.05
266.0 0.0 2.0 30.0 7.0 69.99 2578.49 39.55 652.4 47.42
266.0 0.0 2.0 30.0 7.0 68.09 2572.83 39.55 680.68 47.42
266.0 0.0 2.0 30.0 7.0 66.88 2540.9 39.55 688.73 47.42
271.0 0.0 0.0 31.0 7.0 231.5 2921.97 58.56 586.63 51.18
271.0 0.0 0.0 31.0 7.0 226.8 2807.22 58.56 622.89 50.53
271.0 0.0 0.0 31.0 7.0 220.4 2669.99 54.38 659.17 50.53
271.0 0.0 0.0 31.0 7.0 214.7 2572.49 46.92 650.0 49.92
271.0 0.0 0.0 31.0 7.0 209.6 2496.46 46.92 642.85 45.99
271.0 0.0 0.0 31.0 7.0 204.2 2458.71 46.92 662.05 45.99
271.0 0.0 0.0 31.0 7.0 195.3 2425.22 46.92 647.19 45.63
271.0 0.0 0.0 31.0 7.0 180.6 2403.7 46.92 624.67 49.92
271.0 0.0 0.0 31.0 7.0 169.2 2410.46 46.92 616.95 45.63
271.0 0.0 0.0 31.0 7.0 168.1 2427.5 46.92 611.16 49.92
271.0 0.0 0.0 31.0 7.0 164.7 2500.74 52.5 645.71 49.92
271.0 0.0 0.0 31.0 7.0 154.9 2502.37 52.38 687.82 49.92
187.0 1.0 0.0 19.0 5.0 537.5 3171.35 49.11 483.35 45.93
187.0 1.0 0.0 19.0 5.0 549.8 3033.81 48.12 491.51 45.54
187.0 1.0 0.0 19.0 5.0 563.6 2933.76 48.12 480.66 45.54
187.0 1.0 0.0 19.0 5.0 580.1 2820.9 41.7 478.57 44.87
187.0 1.0 0.0 19.0 5.0 593.3 2726.52 41.31 474.43 44.87
187.0 1.0 0.0 19.0 5.0 591.5 2691.72 41.31 480.35 44.87
187.0 1.0 0.0 19.0 5.0 590.1 2624.87 41.31 476.97 43.09
187.0 1.0 0.0 19.0 5.0 586.6 2605.82 40.64 493.15 43.09
187.0 1.0 0.0 19.0 5.0 579.7 2576.6 40.64 498.8 43.09
187.0 1.0 0.0 19.0 5.0 563.7 2598.01 40.64 494.95 43.09
187.0 1.0 0.0 19.0 5.0 551.4 2621.61 41.31 522.34 43.09
187.0 1.0 0.0 19.0 5.0 550.5 2642.0 41.31 482.53 43.09
539.0 0.0 4.0 17.0 4.0 444.22 3445.4 49.44 567.25 66.0
539.0 0.0 4.0 17.0 4.0 465.12 3425.38 49.81 583.19 49.67
539.0 0.0 4.0 17.0 4.0 486.79 3283.64 49.44 588.67 49.67
539.0 0.0 4.0 17.0 4.0 500.11 3201.23 49.44 602.48 49.67
539.0 0.0 4.0 17.0 4.0 513.95 3157.31 47.54 610.05 49.67
539.0 0.0 4.0 17.0 4.0 528.02 3080.77 47.54 586.76 49.3
539.0 0.0 4.0 17.0 4.0 542.44 3035.2 47.54 551.04 49.3
539.0 0.0 4.0 17.0 4.0 557.26 2996.75 47.54 556.74 47.39
539.0 0.0 4.0 17.0 4.0 572.56 2976.88 47.54 559.12 47.39
539.0 0.0 4.0 17.0 4.0 571.29 2985.29 47.54 555.48 47.39
539.0 0.0 4.0 17.0 4.0 570.32 3017.05 47.54 562.66 48.77
539.0 0.0 4.0 17.0 4.0 569.3 3043.6 47.54 554.41 47.39
43.0 0.0 2.0 50.0 12.0 1208.24 4072.95 43.94 420.55 58.48
43.0 0.0 2.0 50.0 12.0 1199.16 3841.06 43.94 409.37 59.12
43.0 0.0 2.0 50.0 12.0 1182.77 3695.79 43.53 402.15 59.61
43.0 0.0 2.0 50.0 12.0 1164.0 3555.28 43.53 386.86 44.52
43.0 0.0 2.0 50.0 12.0 1141.49 3468.75 43.53 391.1 45.15
43.0 0.0 2.0 50.0 12.0 1140.21 3393.38 42.66 403.97 45.79
43.0 0.0 2.0 50.0 12.0 1136.59 3342.83 42.66 395.18 18.78
43.0 0.0 2.0 50.0 12.0 1132.19 3305.64 27.65 395.38 47.07
43.0 0.0 2.0 50.0 12.0 1126.93 3269.64 27.65 408.6 47.71
43.0 0.0 2.0 50.0 12.0 1120.83 3237.19 27.65 405.82 48.35
43.0 0.0 2.0 50.0 12.0 1113.25 3253.29 27.65 420.18 48.98
43.0 0.0 2.0 50.0 12.0 1098.24 3285.84 31.78 434.65 49.62
349.0 0.0 1.0 42.0 10.0 835.1 3366.86 37.5 396.86 41.59
349.0 0.0 1.0 42.0 10.0 829.5 3267.6 32.43 390.56 41.59
349.0 0.0 1.0 42.0 10.0 827.0 3165.44 32.43 393.15 41.59
349.0 0.0 1.0 42.0 10.0 835.3 3077.69 32.42 403.27 37.26
349.0 0.0 1.0 42.0 10.0 841.6 2995.67 34.72 415.14 37.26
349.0 0.0 1.0 42.0 10.0 842.7 2935.63 32.42 423.11 37.26
349.0 0.0 1.0 42.0 10.0 842.3 2888.6 32.42 429.95 37.26
349.0 0.0 1.0 42.0 10.0 836.7 2856.73 32.42 450.2 37.26
349.0 0.0 1.0 42.0 10.0 832.2 2861.94 32.42 463.76 41.59
349.0 0.0 1.0 42.0 10.0 827.5 2885.27 32.42 476.51 37.26
349.0 0.0 1.0 42.0 10.0 818.7 2919.87 32.42 466.22 41.59
349.0 0.0 1.0 42.0 10.0 792.4 2956.33 35.78 488.41 41.59
281.0 0.0 3.0 32.0 8.0 61.2 3185.46 44.2 561.47 43.15
281.0 0.0 3.0 32.0 8.0 59.0 3009.99 43.73 590.43 42.55
281.0 0.0 3.0 32.0 8.0 56.8 2877.46 43.73 593.86 42.52
281.0 0.0 3.0 32.0 8.0 55.8 2755.78 42.55 592.24 42.52
281.0 0.0 3.0 32.0 8.0 55.0 2679.83 42.55 564.11 42.52
281.0 0.0 3.0 32.0 8.0 54.3 2610.27 42.55 550.17 41.53
281.0 0.0 3.0 32.0 8.0 54.1 2566.79 42.24 552.97 41.53
281.0 0.0 3.0 32.0 8.0 54.0 2533.64 42.24 553.29 41.53
281.0 0.0 3.0 32.0 8.0 54.1 2537.94 42.24 556.92 41.53
281.0 0.0 3.0 32.0 8.0 54.0 2537.38 42.24 553.96 41.53
281.0 0.0 3.0 32.0 8.0 54.3 2573.2 42.55 564.23 42.52
281.0 0.0 3.0 32.0 8.0 54.7 2561.03 42.55 593.83 42.52
268.0 0.0 4.0 30.0 7.0 275.7 3260.87 43.73 595.21 42.96
268.0 0.0 4.0 30.0 7.0 279.5 3080.28 41.26 585.88 39.17
268.0 0.0 4.0 30.0 7.0 280.8 2930.14 39.18 563.28 38.8
268.0 0.0 4.0 30.0 7.0 268.7 2804.05 39.17 582.12 38.8
268.0 0.0 4.0 30.0 7.0 261.2 2720.71 39.17 576.95 38.8
268.0 0.0 4.0 30.0 7.0 268.0 2657.26 39.17 582.51 38.8
268.0 0.0 4.0 30.0 7.0 270.7 2613.2 39.17 591.64 38.8
268.0 0.0 4.0 30.0 7.0 263.1 2586.72 39.17 601.59 38.8
268.0 0.0 4.0 30.0 7.0 261.1 2570.15 39.17 600.05 38.8
268.0 0.0 4.0 30.0 7.0 276.6 2586.2 39.17 604.62 38.8
268.0 0.0 4.0 30.0 7.0 293.8 2611.47 39.17 616.83 38.8
268.0 0.0 4.0 30.0 7.0 313.5 2567.1 39.17 618.22 38.8
46.0 0.0 5.0 50.0 12.0 1008.02 4365.43 43.57 500.83 43.84
46.0 0.0 5.0 50.0 12.0 1014.15 4148.81 43.48 510.0 43.48
46.0 0.0 5.0 50.0 12.0 1019.55 3962.66 43.42 510.91 43.42
46.0 0.0 5.0 50.0 12.0 1024.31 3759.97 43.07 506.28 43.42
46.0 0.0 5.0 50.0 12.0 1028.49 3628.39 43.07 473.43 43.07
46.0 0.0 5.0 50.0 12.0 1045.11 3482.85 42.6 446.36 42.96
46.0 0.0 5.0 50.0 12.0 1061.15 3384.13 27.19 425.57 27.19
46.0 0.0 5.0 50.0 12.0 1076.69 3344.19 27.19 415.45 27.19
46.0 0.0 5.0 50.0 12.0 1091.55 3315.55 27.19 442.29 42.6
46.0 0.0 5.0 50.0 12.0 1105.66 3286.45 0.0 426.07 27.19
46.0 0.0 5.0 50.0 12.0 1118.41 3266.01 0.0 431.01 27.19
46.0 0.0 5.0 50.0 12.0 1111.82 3257.79 0.0 420.73 27.19
543.0 0.0 1.0 18.0 4.0 307.4 3301.73 66.59 627.81 71.44
543.0 0.0 1.0 18.0 4.0 279.4 3277.85 66.59 620.69 67.69
543.0 0.0 1.0 18.0 4.0 251.7 3165.94 58.63 634.39 59.73
543.0 0.0 1.0 18.0 4.0 222.0 3100.97 58.63 643.88 59.73
543.0 0.0 1.0 18.0 4.0 195.5 3019.98 58.63 643.59 59.73
543.0 0.0 1.0 18.0 4.0 176.8 2947.32 58.63 646.63 59.73
543.0 0.0 1.0 18.0 4.0 158.5 2910.7 58.63 600.49 59.34
543.0 0.0 1.0 18.0 4.0 143.5 2879.53 58.63 599.6 59.34
543.0 0.0 1.0 18.0 4.0 130.7 2873.85 58.63 620.86 59.34
543.0 0.0 1.0 18.0 4.0 125.0 2878.27 58.63 609.11 59.73
543.0 0.0 1.0 18.0 4.0 118.8 2926.55 58.63 621.26 59.73
543.0 0.0 1.0 18.0 4.0 111.1 2976.25 58.63 610.49 59.73
178.0 0.0 5.0 17.0 4.0 452.06 3471.47 47.39 534.47 46.51
178.0 0.0 5.0 17.0 4.0 455.11 3415.75 47.15 517.88 46.51
178.0 0.0 5.0 17.0 4.0 458.33 3249.44 44.31 487.41 43.34
178.0 0.0 5.0 17.0 4.0 464.4 3130.92 44.31 443.69 43.34
178.0 0.0 5.0 17.0 4.0 470.7 3029.26 44.31 445.94 43.34
178.0 0.0 5.0 17.0 4.0 477.13 2925.41 43.9 429.62 42.93
178.0 0.0 5.0 17.0 4.0 483.84 2825.71 43.9 428.59 42.93
178.0 0.0 5.0 17.0 4.0 490.9 2769.15 43.9 422.15 42.93
178.0 0.0 5.0 17.0 4.0 498.27 2747.21 43.9 423.23 42.93
178.0 0.0 5.0 17.0 4.0 507.61 2726.19 42.02 419.2 39.42
178.0 0.0 5.0 17.0 4.0 516.93 2753.94 45.77 454.65 46.44
178.0 0.0 5.0 17.0 4.0 526.12 2786.48 43.9 476.8 43.34
134.0 0.0 2.0 11.0 3.0 113.8 3774.93 46.66 565.14 46.66
134.0 0.0 2.0 11.0 3.0 122.8 3604.17 46.66 547.17 46.66
134.0 0.0 2.0 11.0 3.0 135.3 3475.94 46.23 533.11 46.23
134.0 0.0 2.0 11.0 3.0 154.3 3369.98 45.68 546.55 45.68
134.0 0.0 2.0 11.0 3.0 174.5 3252.16 45.68 551.85 45.68
134.0 0.0 2.0 11.0 3.0 203.1 3174.42 44.09 555.54 45.68
134.0 0.0 2.0 11.0 3.0 228.8 3102.42 41.44 575.9 45.68
134.0 0.0 2.0 11.0 3.0 251.6 3077.03 41.44 560.73 45.68
134.0 0.0 2.0 11.0 3.0 274.1 3099.82 41.44 567.32 45.68
134.0 0.0 2.0 11.0 3.0 300.2 3087.49 41.44 562.77 44.09
134.0 0.0 2.0 11.0 3.0 324.6 3092.09 43.06 566.55 45.68
134.0 0.0 2.0 11.0 3.0 347.3 3151.78 44.09 536.23 45.68
183.0 0.0 3.0 18.0 5.0 73.9 3454.83 56.65 594.94 55.91
183.0 0.0 3.0 18.0 5.0 77.61 3382.74 56.25 594.4 55.91
183.0 0.0 3.0 18.0 5.0 81.75 3259.24 56.25 602.72 55.91
183.0 0.0 3.0 18.0 5.0 80.06 3161.78 56.25 576.97 53.34
183.0 0.0 3.0 18.0 5.0 79.29 3093.04 53.68 587.34 50.81
183.0 0.0 3.0 18.0 5.0 79.3 3026.87 53.68 594.14 50.81
183.0 0.0 3.0 18.0 5.0 80.85 2954.02 53.68 560.87 45.1
183.0 0.0 3.0 18.0 5.0 83.9 2919.96 51.14 568.67 45.1
183.0 0.0 3.0 18.0 5.0 88.28 2912.37 51.14 546.52 45.1
183.0 0.0 3.0 18.0 5.0 87.45 2917.9 51.14 555.18 45.1
183.0 0.0 3.0 18.0 5.0 87.36 2951.89 53.68 572.93 53.34
183.0 0.0 3.0 18.0 5.0 87.82 2980.39 53.68 610.79 45.1
457.0 0.0 5.0 5.0 2.0 730.1 4097.7 46.55 490.32 41.35
457.0 0.0 5.0 5.0 2.0 724.5 3921.47 33.3 537.36 41.35
457.0 0.0 5.0 5.0 2.0 727.5 3753.49 33.27 553.35 41.35
457.0 0.0 5.0 5.0 2.0 752.9 3625.12 32.82 548.19 40.12
457.0 0.0 5.0 5.0 2.0 765.3 3464.22 32.82 531.14 39.67
457.0 0.0 5.0 5.0 2.0 738.9 3364.02 32.82 506.96 39.67
457.0 0.0 5.0 5.0 2.0 711.3 3258.98 32.82 483.42 39.67
457.0 0.0 5.0 5.0 2.0 677.4 3218.42 32.82 477.79 39.67
457.0 0.0 5.0 5.0 2.0 645.2 3159.67 32.82 473.27 39.67
457.0 0.0 5.0 5.0 2.0 609.1 3134.04 32.82 476.8 39.67
457.0 0.0 5.0 5.0 2.0 578.7 3132.52 33.27 503.04 39.67
457.0 0.0 5.0 5.0 2.0 558.5 3169.06 33.27 518.66 40.12
451.0 0.0 6.0 4.0 1.0 1214.5 4036.4 60.09 413.65 34.38
451.0 0.0 6.0 4.0 1.0 1194.1 3883.31 59.38 436.08 34.38
451.0 0.0 6.0 4.0 1.0 1171.2 3721.7 58.42 446.54 34.0
451.0 0.0 6.0 4.0 1.0 1140.0 3545.86 40.39 481.58 33.33
451.0 0.0 6.0 4.0 1.0 1116.9 3422.63 39.18 430.36 33.33
451.0 0.0 6.0 4.0 1.0 1115.5 3260.83 39.85 400.29 33.18
451.0 0.0 6.0 4.0 1.0 1120.2 3217.88 39.18 374.45 33.02
451.0 0.0 6.0 4.0 1.0 1142.4 3170.9 39.18 380.75 33.02
451.0 0.0 6.0 4.0 1.0 1171.0 3159.85 38.87 368.67 29.1
451.0 0.0 6.0 4.0 1.0 1218.1 3088.01 38.87 366.03 29.1
451.0 0.0 6.0 4.0 1.0 1260.9 3087.71 38.87 370.31 29.1
451.0 0.0 6.0 4.0 1.0 1299.7 3075.31 38.87 352.95 29.1
441.0 0.0 3.0 3.0 1.0 107.5 3965.62 50.61 522.46 42.53
441.0 0.0 3.0 3.0 1.0 98.7 3756.71 40.38 556.93 37.5
441.0 0.0 3.0 3.0 1.0 91.3 3578.18 40.38 585.17 37.5
441.0 0.0 3.0 3.0 1.0 84.4 3459.14 40.38 610.58 37.5
441.0 0.0 3.0 3.0 1.0 79.3 3370.76 35.31 596.42 35.92
441.0 0.0 3.0 3.0 1.0 75.2 3260.9 35.31 588.26 35.91
441.0 0.0 3.0 3.0 1.0 72.7 3232.66 35.31 578.11 35.91
441.0 0.0 3.0 3.0 1.0 74.8 3196.89 35.31 587.36 35.31
441.0 0.0 3.0 3.0 1.0 76.9 3209.92 35.31 589.79 35.31
441.0 0.0 3.0 3.0 1.0 81.0 3185.15 35.31 588.29 35.31
441.0 0.0 3.0 3.0 1.0 84.7 3192.56 35.31 606.98 35.92
441.0 0.0 3.0 3.0 1.0 91.2 3248.22 35.31 592.59 36.59
85.0 0.0 2.0 4.0 1.0 1212.4 3905.45 41.27 432.68 41.0
85.0 0.0 2.0 4.0 1.0 1237.89 3708.38 40.39 401.79 40.39
85.0 0.0 2.0 4.0 1.0 1260.94 3540.22 40.2 390.53 40.2
85.0 0.0 2.0 4.0 1.0 1281.75 3428.19 40.2 391.75 40.2
85.0 0.0 2.0 4.0 1.0 1300.12 3351.54 39.78 373.45 37.18
85.0 0.0 2.0 4.0 1.0 1312.01 3247.75 37.18 358.8 24.83
85.0 0.0 2.0 4.0 1.0 1321.94 3226.46 32.94 357.9 24.83
85.0 0.0 2.0 4.0 1.0 1329.34 3181.31 32.94 353.0 24.83
85.0 0.0 2.0 4.0 1.0 1333.5 3185.46 32.94 356.53 24.83
85.0 0.0 2.0 4.0 1.0 1336.15 3158.93 24.83 355.33 24.83
85.0 0.0 2.0 4.0 1.0 1337.68 3163.44 24.83 348.54 24.83
85.0 0.0 2.0 4.0 1.0 1348.97 3211.37 32.94 346.41 24.83
393.0 0.0 4.0 48.0 11.0 115.45 3883.19 43.03 591.9 54.3
393.0 0.0 4.0 48.0 11.0 114.93 3723.72 41.7 626.33 53.02
393.0 0.0 4.0 48.0 11.0 114.53 3573.38 41.7 661.28 53.02
393.0 0.0 4.0 48.0 11.0 114.23 3445.0 39.6 660.7 53.02
393.0 0.0 4.0 48.0 11.0 114.13 3305.48 37.88 653.97 51.89
393.0 0.0 4.0 48.0 11.0 114.08 3225.68 37.88 630.99 51.45
393.0 0.0 4.0 48.0 11.0 114.13 3156.37 37.53 627.87 51.45
393.0 0.0 4.0 48.0 11.0 116.05 3160.87 37.53 633.35 51.45
393.0 0.0 4.0 48.0 11.0 118.38 3142.32 37.53 626.76 51.45
393.0 0.0 4.0 48.0 11.0 121.06 3117.8 37.53 615.17 51.45
393.0 0.0 4.0 48.0 11.0 124.2 3128.17 37.53 648.9 51.45
393.0 0.0 4.0 48.0 11.0 127.73 3174.55 37.53 636.46 51.89
586.0 0.0 2.0 24.0 6.0 195.3 3073.72 32.97 582.24 40.6
586.0 0.0 2.0 24.0 6.0 206.6 2949.56 31.23 579.42 39.4
586.0 0.0 2.0 24.0 6.0 213.7 2821.67 31.23 555.62 39.4
586.0 0.0 2.0 24.0 6.0 207.8 2731.83 31.23 556.4 39.4
586.0 0.0 2.0 24.0 6.0 203.0 2660.05 31.23 552.63 39.4
586.0 0.0 2.0 24.0 6.0 198.0 2606.19 31.23 565.69 39.4
586.0 0.0 2.0 24.0 6.0 192.5 2566.37 31.23 569.27 39.12
586.0 0.0 2.0 24.0 6.0 180.3 2532.66 30.95 574.34 39.12
586.0 0.0 2.0 24.0 6.0 168.2 2502.84 30.95 588.42 39.12
586.0 0.0 2.0 24.0 6.0 157.5 2524.53 30.95 568.37 39.12
586.0 0.0 2.0 24.0 6.0 147.2 2534.63 30.95 575.64 37.92
586.0 0.0 2.0 24.0 6.0 135.6 2575.08 31.23 589.81 40.3
293.0 0.0 1.0 34.0 8.0 145.48 3093.69 53.19 493.4 54.71
293.0 0.0 1.0 34.0 8.0 154.5 2927.73 52.18 513.3 51.89
293.0 0.0 1.0 34.0 8.0 164.7 2793.11 50.51 513.42 47.77
293.0 0.0 1.0 34.0 8.0 173.41 2674.89 48.51 493.09 45.98
293.0 0.0 1.0 34.0 8.0 182.94 2609.66 46.93 494.35 45.61
293.0 0.0 1.0 34.0 8.0 192.53 2560.86 46.56 490.07 42.64
293.0 0.0 1.0 34.0 8.0 202.69 2530.01 46.56 466.04 41.57
293.0 0.0 1.0 34.0 8.0 213.38 2512.26 46.56 418.13 41.57
293.0 0.0 1.0 34.0 8.0 224.23 2492.21 45.94 415.62 41.57
293.0 0.0 1.0 34.0 8.0 239.95 2512.61 43.59 420.57 41.57
293.0 0.0 1.0 34.0 8.0 256.77 2626.38 49.77 427.33 40.55
293.0 0.0 1.0 34.0 8.0 275.37 2659.52 49.1 431.11 40.55
593.0 0.0 2.0 25.0 6.0 142.92 3134.87 32.33 541.98 56.45
593.0 0.0 2.0 25.0 6.0 145.93 2997.09 30.8 551.76 48.36
593.0 0.0 2.0 25.0 6.0 150.14 2877.48 30.8 533.48 41.91
593.0 0.0 2.0 25.0 6.0 145.33 2785.95 30.52 500.0 41.9
593.0 0.0 2.0 25.0 6.0 140.88 2694.62 30.52 495.46 41.9
593.0 0.0 2.0 25.0 6.0 137.32 2623.68 30.52 507.96 41.9
593.0 0.0 2.0 25.0 6.0 134.79 2593.44 30.52 510.15 41.9
593.0 0.0 2.0 25.0 6.0 133.06 2569.49 30.52 505.88 40.57
593.0 0.0 2.0 25.0 6.0 131.41 2541.4 30.52 500.87 43.23
593.0 0.0 2.0 25.0 6.0 128.46 2560.66 30.52 502.14 43.23
593.0 0.0 2.0 25.0 6.0 125.51 2532.26 25.15 507.32 41.91
593.0 0.0 2.0 25.0 6.0 122.45 2606.96 32.33 522.7 43.23
258.0 0.0 1.0 29.0 7.0 195.23 3112.87 41.68 637.37 59.82
258.0 0.0 1.0 29.0 7.0 178.54 2945.81 39.57 691.76 53.28
258.0 0.0 1.0 29.0 7.0 162.72 2830.56 39.57 695.88 52.92
258.0 0.0 1.0 29.0 7.0 161.33 2725.69 39.21 692.83 52.92
258.0 0.0 1.0 29.0 7.0 161.2 2639.98 39.21 697.04 52.92
258.0 0.0 1.0 29.0 7.0 161.81 2590.6 39.21 695.56 52.92
258.0 0.0 1.0 29.0 7.0 162.59 2553.56 39.21 691.22 52.92
258.0 0.0 1.0 29.0 7.0 164.08 2511.86 39.21 682.11 52.92
258.0 0.0 1.0 29.0 7.0 166.32 2490.81 37.0 674.68 52.92
258.0 0.0 1.0 29.0 7.0 177.25 2495.29 37.0 680.93 52.92
258.0 0.0 1.0 29.0 7.0 189.08 2531.29 41.42 704.26 52.92
258.0 0.0 1.0 29.0 7.0 201.41 2492.07 37.0 692.92 52.63
484.0 0.0 4.0 9.0 3.0 325.55 4046.83 48.53 507.96 48.15
484.0 0.0 4.0 9.0 3.0 308.07 3886.23 48.2 532.95 42.94
484.0 0.0 4.0 9.0 3.0 291.61 3774.84 48.2 553.61 48.0
484.0 0.0 4.0 9.0 3.0 276.21 3664.25 48.2 566.41 42.94
484.0 0.0 4.0 9.0 3.0 261.33 3562.76 42.4 595.23 40.2
484.0 0.0 4.0 9.0 3.0 246.6 3496.42 35.12 589.08 40.2
484.0 0.0 4.0 9.0 3.0 232.18 3426.34 35.12 606.52 40.2
484.0 0.0 4.0 9.0 3.0 221.28 3385.31 44.02 598.52 40.2
484.0 0.0 4.0 9.0 3.0 211.14 3385.73 35.12 605.55 40.2
484.0 0.0 4.0 9.0 3.0 201.57 3328.35 44.0 605.71 40.2
484.0 0.0 4.0 9.0 3.0 191.94 3350.58 35.12 620.54 40.2
484.0 0.0 4.0 9.0 3.0 182.72 3374.92 44.02 606.3 40.2
595.0 0.0 4.0 25.0 6.0 424.2 3155.14 53.26 573.48 48.52
595.0 0.0 4.0 25.0 6.0 404.3 3017.54 43.94 547.67 46.51
595.0 0.0 4.0 25.0 6.0 390.3 2876.58 42.25 521.06 47.15
595.0 0.0 4.0 25.0 6.0 400.2 2783.08 42.25 524.66 46.55
595.0 0.0 4.0 25.0 6.0 411.0 2677.75 42.25 529.53 45.95
595.0 0.0 4.0 25.0 6.0 425.7 2611.0 42.25 524.11 47.15
595.0 0.0 4.0 25.0 6.0 429.8 2572.63 41.97 556.63 46.55
595.0 0.0 4.0 25.0 6.0 405.6 2530.95 41.97 585.13 46.55
595.0 0.0 4.0 25.0 6.0 379.3 2520.37 41.97 569.73 45.95
595.0 0.0 4.0 25.0 6.0 351.2 2558.81 41.97 564.02 47.15
595.0 0.0 4.0 25.0 6.0 324.3 2575.34 41.97 568.63 46.55
595.0 0.0 4.0 25.0 6.0 303.9 2613.13 41.97 603.73 46.55
286.0 0.0 1.0 33.0 8.0 157.67 3029.77 45.85 389.46 55.46
286.0 0.0 1.0 33.0 8.0 156.02 2878.65 45.83 387.48 53.76
286.0 0.0 1.0 33.0 8.0 155.1 2746.75 44.13 379.52 53.76
286.0 0.0 1.0 33.0 8.0 154.63 2630.52 44.13 354.58 53.26
286.0 0.0 1.0 33.0 8.0 154.59 2576.1 43.82 355.86 52.34
286.0 0.0 1.0 33.0 8.0 155.19 2531.07 43.82 359.13 50.19
286.0 0.0 1.0 33.0 8.0 156.16 2509.02 43.19 363.84 50.19
286.0 0.0 1.0 33.0 8.0 157.34 2484.14 43.19 366.4 50.19
286.0 0.0 1.0 33.0 8.0 158.84 2480.45 43.19 374.94 50.19
286.0 0.0 1.0 33.0 8.0 155.16 2496.77 43.19 378.17 52.34
286.0 0.0 1.0 33.0 8.0 151.7 2582.34 44.13 375.93 53.26
286.0 0.0 1.0 33.0 8.0 148.36 2594.6 44.13 382.57 53.76
444.0 0.0 6.0 3.0 1.0 397.9 3966.66 56.95 497.69 58.43
444.0 0.0 6.0 3.0 1.0 401.7 3791.46 54.14 503.53 55.88
444.0 0.0 6.0 3.0 1.0 408.3 3651.39 51.65 519.29 53.19
444.0 0.0 6.0 3.0 1.0 421.9 3526.96 51.65 516.63 42.02
444.0 0.0 6.0 3.0 1.0 442.9 3404.51 37.9 527.38 43.99
444.0 0.0 6.0 3.0 1.0 485.2 3289.31 37.9 507.36 43.99
444.0 0.0 6.0 3.0 1.0 525.6 3220.16 35.59 496.17 42.02
444.0 0.0 6.0 3.0 1.0 563.0 3165.01 35.59 463.67 41.7
444.0 0.0 6.0 3.0 1.0 598.5 3124.29 34.83 453.77 43.99
444.0 0.0 6.0 3.0 1.0 629.6 3086.1 34.83 449.45 41.26
444.0 0.0 6.0 3.0 1.0 659.3 3041.69 35.59 475.22 41.26
444.0 0.0 6.0 3.0 1.0 685.2 3031.75 35.59 459.98 41.26
299.0 0.0 0.0 35.0 8.0 1253.61 2887.2 44.77 388.81 42.0
299.0 0.0 0.0 35.0 8.0 1288.02 2755.08 44.41 403.44 42.0
299.0 0.0 0.0 35.0 8.0 1316.07 2622.13 39.95 397.14 42.0
299.0 0.0 0.0 35.0 8.0 1314.18 2528.12 39.57 402.99 42.0
299.0 0.0 0.0 35.0 8.0 1305.3 2456.4 39.57 401.8 42.0
299.0 0.0 0.0 35.0 8.0 1289.67 2417.44 36.36 413.26 42.0
299.0 0.0 0.0 35.0 8.0 1267.24 2383.61 36.36 427.63 38.99
299.0 0.0 0.0 35.0 8.0 1238.13 2363.82 36.36 445.25 39.01
299.0 0.0 0.0 35.0 8.0 1204.52 2386.22 36.36 429.73 42.0
299.0 0.0 0.0 35.0 8.0 1143.44 2385.66 36.36 428.19 42.0
299.0 0.0 0.0 35.0 8.0 1076.82 2500.37 36.36 424.86 42.0
299.0 0.0 0.0 35.0 8.0 1006.69 2557.48 39.57 404.49 42.0
491.0 0.0 4.0 10.0 3.0 1053.2 3842.12 45.57 430.09 36.58
491.0 0.0 4.0 10.0 3.0 1080.0 3669.52 36.58 414.03 33.72
491.0 0.0 4.0 10.0 3.0 1101.7 3594.71 36.58 402.25 36.58
491.0 0.0 4.0 10.0 3.0 1110.9 3458.16 34.44 399.68 33.72
491.0 0.0 4.0 10.0 3.0 1119.3 3374.6 34.44 408.48 33.72
491.0 0.0 4.0 10.0 3.0 1126.1 3295.52 34.44 413.12 33.72
491.0 0.0 4.0 10.0 3.0 1131.1 3256.1 32.3 425.5 33.72
491.0 0.0 4.0 10.0 3.0 1126.5 3236.78 36.58 433.56 33.72
491.0 0.0 4.0 10.0 3.0 1120.0 3231.82 36.58 429.56 33.72
491.0 0.0 4.0 10.0 3.0 1107.5 3193.75 36.58 436.41 33.72
491.0 0.0 4.0 10.0 3.0 1094.5 3207.55 42.37 445.12 33.72
491.0 0.0 4.0 10.0 3.0 1079.3 3258.55 42.37 446.47 36.58
243.0 0.0 0.0 27.0 7.0 188.54 3015.22 54.31 598.52 59.56
243.0 0.0 0.0 27.0 7.0 172.22 2859.07 51.0 611.66 59.19
243.0 0.0 0.0 27.0 7.0 157.67 2733.81 49.4 584.18 59.19
243.0 0.0 0.0 27.0 7.0 149.24 2615.46 49.03 564.88 59.19
243.0 0.0 0.0 27.0 7.0 141.52 2537.36 49.03 571.9 59.19
243.0 0.0 0.0 27.0 7.0 134.54 2492.83 49.03 581.92 59.19
243.0 0.0 0.0 27.0 7.0 128.02 2453.1 49.03 584.5 59.19
243.0 0.0 0.0 27.0 7.0 121.98 2421.57 49.03 588.98 59.19
243.0 0.0 0.0 27.0 7.0 116.49 2419.71 49.03 591.21 59.19
243.0 0.0 0.0 27.0 7.0 113.9 2429.6 49.03 587.43 59.19
243.0 0.0 0.0 27.0 7.0 111.47 2356.45 49.03 634.84 59.19
243.0 0.0 0.0 27.0 7.0 109.47 2403.41 49.03 637.41 59.19
33.0 0.0 6.0 48.0 12.0 705.5 3789.15 41.85 483.15 48.79
33.0 0.0 6.0 48.0 12.0 710.9 3586.14 41.84 490.24 48.78
33.0 0.0 6.0 48.0 12.0 717.6 3462.33 41.83 454.68 48.78
33.0 0.0 6.0 48.0 12.0 728.5 3311.61 41.83 448.62 45.25
33.0 0.0 6.0 48.0 12.0 744.0 3170.13 40.11 440.74 31.81
33.0 0.0 6.0 48.0 12.0 767.4 3066.89 26.67 443.51 31.81
33.0 0.0 6.0 48.0 12.0 790.8 2972.56 26.67 448.03 31.81
33.0 0.0 6.0 48.0 12.0 810.5 2935.53 26.67 421.18 31.81
33.0 0.0 6.0 48.0 12.0 830.3 2895.72 26.67 425.47 31.81
33.0 0.0 6.0 48.0 12.0 848.5 2865.05 26.67 409.24 31.81
33.0 0.0 6.0 48.0 12.0 860.2 2842.72 26.67 444.69 31.81
33.0 0.0 6.0 48.0 12.0 853.7 2808.8 26.67 436.78 31.81
576.0 0.0 6.0 22.0 6.0 79.79 3096.83 63.43 564.18 57.34
576.0 0.0 6.0 22.0 6.0 65.06 3026.11 48.85 574.9 54.29
576.0 0.0 6.0 22.0 6.0 53.44 2927.45 48.85 575.52 53.67
576.0 0.0 6.0 22.0 6.0 49.28 2845.37 48.85 599.4 40.5
576.0 0.0 6.0 22.0 6.0 45.71 2747.54 47.73 600.17 39.81
576.0 0.0 6.0 22.0 6.0 42.7 2667.57 48.85 598.97 38.69
576.0 0.0 6.0 22.0 6.0 40.1 2611.75 48.85 594.93 39.99
576.0 0.0 6.0 22.0 6.0 38.17 2568.91 48.85 581.66 39.81
576.0 0.0 6.0 22.0 6.0 36.8 2516.97 48.85 576.11 37.57
576.0 0.0 6.0 22.0 6.0 33.39 2484.57 48.85 554.26 39.81
576.0 0.0 6.0 22.0 6.0 30.31 2533.66 48.85 544.66 38.69
576.0 0.0 6.0 22.0 6.0 27.69 2471.7 48.85 553.4 38.69
547.0 0.0 5.0 18.0 5.0 591.29 3245.04 47.13 480.47 47.93
547.0 0.0 5.0 18.0 5.0 557.48 3198.86 47.13 474.4 33.83
547.0 0.0 5.0 18.0 5.0 525.35 3109.02 33.83 475.99 33.83
547.0 0.0 5.0 18.0 5.0 519.75 3005.32 33.83 476.43 33.83
547.0 0.0 5.0 18.0 5.0 513.81 2909.06 32.99 508.55 33.83
547.0 0.0 5.0 18.0 5.0 507.71 2839.74 32.99 479.36 30.63
547.0 0.0 5.0 18.0 5.0 501.58 2809.43 32.99 465.12 33.83
547.0 0.0 5.0 18.0 5.0 495.17 2763.81 32.99 437.72 30.63
547.0 0.0 5.0 18.0 5.0 488.74 2722.03 32.99 435.66 27.63
547.0 0.0 5.0 18.0 5.0 477.17 2680.99 30.63 437.03 33.63
547.0 0.0 5.0 18.0 5.0 468.7 2651.99 30.63 510.2 33.83
547.0 0.0 5.0 18.0 5.0 462.73 2662.9 30.63 538.19 37.51
589.0 0.0 5.0 24.0 6.0 544.78 3157.59 31.0 463.77 63.79
589.0 0.0 5.0 24.0 6.0 544.71 3012.98 30.72 522.09 63.79
589.0 0.0 5.0 24.0 6.0 544.84 2881.84 30.72 517.62 50.36
589.0 0.0 5.0 24.0 6.0 533.4 2777.95 30.72 532.9 49.85
589.0 0.0 5.0 24.0 6.0 522.39 2671.81 30.72 503.83 49.04
589.0 0.0 5.0 24.0 6.0 512.18 2614.18 30.72 459.34 50.39
589.0 0.0 5.0 24.0 6.0 502.82 2556.59 30.72 457.69 49.85
589.0 0.0 5.0 24.0 6.0 495.3 2469.93 25.55 450.94 49.58
589.0 0.0 5.0 24.0 6.0 489.0 2426.98 24.46 460.67 49.57
589.0 0.0 5.0 24.0 6.0 473.65 2438.07 24.46 438.14 49.57
589.0 0.0 5.0 24.0 6.0 458.52 2413.47 24.46 449.1 44.55
589.0 0.0 5.0 24.0 6.0 443.93 2431.19 24.46 455.35 49.57
136.0 0.0 4.0 11.0 3.0 831.1 3729.29 46.34 398.84 43.07
136.0 0.0 4.0 11.0 3.0 870.5 3556.72 46.34 388.64 42.11
136.0 0.0 4.0 11.0 3.0 905.5 3379.83 45.9 404.13 39.07
136.0 0.0 4.0 11.0 3.0 928.9 3266.1 45.9 414.08 39.07
136.0 0.0 4.0 11.0 3.0 946.8 3133.36 43.81 430.91 29.88
136.0 0.0 4.0 11.0 3.0 950.3 3083.93 41.88 442.35 29.88
136.0 0.0 4.0 11.0 3.0 946.6 3044.57 41.88 452.68 29.88
136.0 0.0 4.0 11.0 3.0 924.1 3046.74 41.88 457.77 29.88
136.0 0.0 4.0 11.0 3.0 899.0 3017.5 41.88 461.31 29.88
136.0 0.0 4.0 11.0 3.0 867.6 3015.16 41.88 475.58 37.0
136.0 0.0 4.0 11.0 3.0 830.9 3043.48 45.9 476.16 29.88
136.0 0.0 4.0 11.0 3.0 781.3 3090.3 45.9 461.37 39.93
479.0 0.0 6.0 8.0 2.0 69.89 3923.19 56.43 514.69 67.7
479.0 0.0 6.0 8.0 2.0 71.91 3803.62 55.25 534.72 66.58
479.0 0.0 6.0 8.0 2.0 74.04 3668.66 51.41 554.7 66.58
479.0 0.0 6.0 8.0 2.0 76.3 3542.45 51.41 570.31 66.58
479.0 0.0 6.0 8.0 2.0 78.86 3418.37 50.85 577.65 60.31
479.0 0.0 6.0 8.0 2.0 81.9 3319.63 50.85 588.15 51.19
479.0 0.0 6.0 8.0 2.0 85.35 3254.71 50.85 593.87 51.19
479.0 0.0 6.0 8.0 2.0 83.11 3192.82 50.85 572.33 51.19
479.0 0.0 6.0 8.0 2.0 80.91 3134.16 50.85 557.71 49.32
479.0 0.0 6.0 8.0 2.0 78.88 3083.42 50.85 565.34 49.32
479.0 0.0 6.0 8.0 2.0 77.07 3189.93 50.85 549.44 51.19
479.0 0.0 6.0 8.0 2.0 75.57 3189.28 50.85 550.29 49.32
75.0 0.0 6.0 2.0 1.0 1111.6 3978.06 42.61 381.15 42.21
75.0 0.0 6.0 2.0 1.0 1100.3 3866.8 42.21 355.95 41.5
75.0 0.0 6.0 2.0 1.0 1092.4 3729.0 42.21 341.07 41.0
75.0 0.0 6.0 2.0 1.0 1092.7 3557.34 41.83 337.32 41.0
75.0 0.0 6.0 2.0 1.0 1091.8 3427.46 41.18 335.11 26.67
75.0 0.0 6.0 2.0 1.0 1085.9 3285.62 41.18 334.52 26.67
75.0 0.0 6.0 2.0 1.0 1080.0 3188.96 41.0 332.8 26.67
75.0 0.0 6.0 2.0 1.0 1076.3 3130.13 41.0 352.7 26.67
75.0 0.0 6.0 2.0 1.0 1071.9 3095.17 41.0 366.45 26.67
75.0 0.0 6.0 2.0 1.0 1066.1 3057.07 41.0 370.98 0.0
75.0 0.0 6.0 2.0 1.0 1059.0 3030.76 41.0 357.6 0.0
75.0 0.0 6.0 2.0 1.0 1047.0 3011.51 41.0 357.19 0.0
555.0 0.0 6.0 19.0 5.0 436.82 2827.9 44.28 454.62 97.12
555.0 0.0 6.0 19.0 5.0 399.53 2786.47 44.28 458.71 97.12
555.0 0.0 6.0 19.0 5.0 364.0 2737.77 44.28 463.28 90.39
555.0 0.0 6.0 19.0 5.0 356.23 2701.0 44.28 495.3 87.07
555.0 0.0 6.0 19.0 5.0 349.68 2612.1 44.28 510.85 88.45
555.0 0.0 6.0 19.0 5.0 344.01 2552.53 41.02 516.54 81.06
555.0 0.0 6.0 19.0 5.0 338.52 2527.33 41.02 515.88 75.57
555.0 0.0 6.0 19.0 5.0 333.91 2488.64 41.02 512.34 57.18
555.0 0.0 6.0 19.0 5.0 329.95 2493.73 41.02 496.69 57.18
555.0 0.0 6.0 19.0 5.0 356.4 2474.76 41.02 486.41 57.18
555.0 0.0 6.0 19.0 5.0 384.38 2509.89 41.02 471.16 57.18
555.0 0.0 6.0 19.0 5.0 413.71 2529.5 41.02 426.38 55.41
58.0 0.0 3.0 52.0 12.0 1135.6 4182.77 47.24 316.25 44.1
58.0 0.0 3.0 52.0 12.0 1147.0 3889.2 42.95 279.69 40.17
58.0 0.0 3.0 52.0 12.0 1161.7 3667.77 41.05 268.72 40.17
58.0 0.0 3.0 52.0 12.0 1179.8 3494.33 40.17 267.72 39.56
58.0 0.0 3.0 52.0 12.0 1193.3 3331.26 39.99 269.02 39.56
58.0 0.0 3.0 52.0 12.0 1191.2 3228.14 39.56 278.77 27.24
58.0 0.0 3.0 52.0 12.0 1186.4 3173.54 39.56 300.29 27.24
58.0 0.0 3.0 52.0 12.0 1180.7 3093.69 27.24 296.64 27.24
58.0 0.0 3.0 52.0 12.0 1175.8 2970.04 27.24 296.93 27.24
58.0 0.0 3.0 52.0 12.0 1173.5 2965.82 27.24 297.74 27.24
58.0 0.0 3.0 52.0 12.0 1172.5 2920.79 0.0 300.71 27.24
58.0 0.0 3.0 52.0 12.0 1175.2 2945.83 27.24 300.3 27.24
283.0 0.0 5.0 32.0 8.0 442.42 3185.94 46.58 491.21 45.02
283.0 0.0 5.0 32.0 8.0 448.02 3018.09 44.93 488.07 44.05
283.0 0.0 5.0 32.0 8.0 453.74 2886.52 44.93 446.01 43.43
283.0 0.0 5.0 32.0 8.0 453.62 2748.61 43.85 415.13 43.43
283.0 0.0 5.0 32.0 8.0 453.65 2671.15 43.66 411.36 43.43
283.0 0.0 5.0 32.0 8.0 454.2 2583.78 41.46 425.61 42.24
283.0 0.0 5.0 32.0 8.0 454.84 2538.59 41.08 430.29 40.27
283.0 0.0 5.0 32.0 8.0 455.24 2513.43 41.08 433.57 40.27
283.0 0.0 5.0 32.0 8.0 455.56 2489.86 41.08 436.42 40.27
283.0 0.0 5.0 32.0 8.0 462.57 2511.49 39.11 433.41 40.27
283.0 0.0 5.0 32.0 8.0 470.33 2513.48 43.66 449.3 42.24
283.0 0.0 5.0 32.0 8.0 478.75 2502.26 41.46 442.84 40.27
250.0 0.0 0.0 28.0 7.0 318.0 2907.02 49.93 601.69 69.57
250.0 0.0 0.0 28.0 7.0 326.9 2762.43 49.56 553.7 69.57
250.0 0.0 0.0 28.0 7.0 329.5 2648.58 49.56 545.86 65.2
250.0 0.0 0.0 28.0 7.0 312.2 2549.35 49.56 553.21 60.87
250.0 0.0 0.0 28.0 7.0 294.4 2468.06 49.56 556.86 60.87
250.0 0.0 0.0 28.0 7.0 276.2 2417.72 49.56 573.7 59.3
250.0 0.0 0.0 28.0 7.0 261.8 2389.09 47.55 573.71 57.63
250.0 0.0 0.0 28.0 7.0 255.7 2376.43 47.55 555.44 57.63
250.0 0.0 0.0 28.0 7.0 252.7 2373.16 47.55 554.54 57.63
250.0 0.0 0.0 28.0 7.0 263.2 2396.74 47.55 555.91 57.63
250.0 0.0 0.0 28.0 7.0 271.1 2438.97 49.56 576.62 57.63
250.0 0.0 0.0 28.0 7.0 273.2 2460.0 49.56 636.74 57.63
535.0 0.0 0.0 17.0 4.0 399.53 3185.32 56.61 521.88 66.51
535.0 0.0 0.0 17.0 4.0 412.82 3157.33 54.12 539.51 66.51
535.0 0.0 0.0 17.0 4.0 425.59 3063.72 56.49 570.82 53.28
535.0 0.0 0.0 17.0 4.0 460.2 3004.32 56.49 554.87 53.28
535.0 0.0 0.0 17.0 4.0 496.01 2968.65 56.49 528.55 52.76
535.0 0.0 0.0 17.0 4.0 533.09 2906.61 56.49 509.31 52.76
535.0 0.0 0.0 17.0 4.0 569.87 2865.85 54.12 471.16 52.76
535.0 0.0 0.0 17.0 4.0 607.18 2834.1 54.12 440.94 50.79
535.0 0.0 0.0 17.0 4.0 644.9 2802.33 54.12 423.85 50.79
535.0 0.0 0.0 17.0 4.0 696.35 2809.8 51.75 435.44 50.79
535.0 0.0 0.0 17.0 4.0 749.37 2826.49 56.49 424.94 50.79
535.0 0.0 0.0 17.0 4.0 803.54 2872.93 56.49 406.44 50.79
474.0 0.0 1.0 8.0 2.0 753.8 3960.91 74.76 444.82 50.77
474.0 0.0 1.0 8.0 2.0 723.7 3807.44 60.18 483.35 50.77
474.0 0.0 1.0 8.0 2.0 689.4 3637.73 56.1 518.51 50.31
474.0 0.0 1.0 8.0 2.0 643.5 3526.26 56.1 549.07 50.31
474.0 0.0 1.0 8.0 2.0 599.4 3426.11 56.1 538.58 50.31
474.0 0.0 1.0 8.0 2.0 563.6 3350.89 56.1 523.96 50.31
474.0 0.0 1.0 8.0 2.0 527.2 3372.46 56.1 519.15 49.47
474.0 0.0 1.0 8.0 2.0 485.5 3331.43 56.1 511.52 49.47
474.0 0.0 1.0 8.0 2.0 448.1 3330.32 56.1 503.01 49.47
474.0 0.0 1.0 8.0 2.0 421.5 3249.7 55.65 500.11 49.47
474.0 0.0 1.0 8.0 2.0 401.1 3328.81 56.1 497.14 49.47
474.0 0.0 1.0 8.0 2.0 396.0 3454.33 56.1 502.02 50.31
461.0 0.0 2.0 6.0 2.0 1501.8 3949.36 32.91 315.82 35.11
461.0 0.0 2.0 6.0 2.0 1500.1 3770.9 32.61 311.33 31.07
461.0 0.0 2.0 6.0 2.0 1498.9 3611.94 32.61 316.79 34.99
461.0 0.0 2.0 6.0 2.0 1499.0 3522.84 32.61 321.96 31.07
461.0 0.0 2.0 6.0 2.0 1499.6 3410.42 32.5 322.67 31.07
461.0 0.0 2.0 6.0 2.0 1503.5 3333.03 28.57 326.41 31.07
461.0 0.0 2.0 6.0 2.0 1506.4 3269.81 28.57 324.77 31.07
461.0 0.0 2.0 6.0 2.0 1502.9 3240.89 28.57 324.79 31.07
461.0 0.0 2.0 6.0 2.0 1499.1 3219.61 28.57 326.81 31.07
461.0 0.0 2.0 6.0 2.0 1490.4 3197.89 28.57 340.39 31.07
461.0 0.0 2.0 6.0 2.0 1478.8 3201.08 28.57 336.96 31.07
461.0 0.0 2.0 6.0 2.0 1456.4 3247.69 28.57 338.47 31.07
66.0 0.0 4.0 1.0 1.0 208.98 4291.93 44.14 476.66 49.23
66.0 0.0 4.0 1.0 1.0 200.5 4076.05 44.03 459.47 49.12
66.0 0.0 4.0 1.0 1.0 192.56 3888.49 43.75 457.34 48.84
66.0 0.0 4.0 1.0 1.0 185.44 3732.27 43.46 470.03 47.55
66.0 0.0 4.0 1.0 1.0 179.14 3598.6 42.06 479.93 46.98
66.0 0.0 4.0 1.0 1.0 193.89 3489.11 41.12 485.62 46.95
66.0 0.0 4.0 1.0 1.0 209.7 3387.75 41.09 503.36 46.95
66.0 0.0 4.0 1.0 1.0 227.34 3330.92 41.09 510.34 46.95
66.0 0.0 4.0 1.0 1.0 245.3 3308.06 41.09 513.93 46.95
66.0 0.0 4.0 1.0 1.0 264.25 3271.88 41.06 517.55 46.95
66.0 0.0 4.0 1.0 1.0 284.69 3247.57 41.06 514.04 46.92
66.0 0.0 4.0 1.0 1.0 315.48 3290.04 41.06 509.65 46.95
437.0 0.0 6.0 2.0 1.0 118.13 3841.66 65.84 558.31 62.25
437.0 0.0 6.0 2.0 1.0 116.19 3676.7 65.7 588.16 60.37
437.0 0.0 6.0 2.0 1.0 115.39 3566.17 65.7 597.15 52.94
437.0 0.0 6.0 2.0 1.0 116.59 3415.31 53.02 587.35 46.4
437.0 0.0 6.0 2.0 1.0 119.24 3263.32 53.02 587.39 46.4
437.0 0.0 6.0 2.0 1.0 123.65 3138.65 47.31 580.91 46.4
437.0 0.0 6.0 2.0 1.0 130.16 3043.84 47.31 596.0 46.4
437.0 0.0 6.0 2.0 1.0 125.49 2965.18 47.31 576.73 46.4
437.0 0.0 6.0 2.0 1.0 122.59 2936.55 47.31 551.4 44.28
437.0 0.0 6.0 2.0 1.0 121.75 2909.74 47.31 542.52 44.28
437.0 0.0 6.0 2.0 1.0 123.17 2871.24 48.09 558.04 44.28
437.0 0.0 6.0 2.0 1.0 126.23 2845.7 47.31 557.62 44.28
288.0 0.0 3.0 33.0 8.0 1249.8 3150.28 44.31 312.53 40.48
288.0 0.0 3.0 33.0 8.0 1245.4 2986.83 40.11 318.22 35.61
288.0 0.0 3.0 33.0 8.0 1241.6 2853.43 37.72 328.53 35.61
288.0 0.0 3.0 33.0 8.0 1239.7 2730.2 35.62 333.74 35.61
288.0 0.0 3.0 33.0 8.0 1235.0 2657.11 33.15 313.39 35.61
288.0 0.0 3.0 33.0 8.0 1222.6 2597.31 33.15 310.8 35.61
288.0 0.0 3.0 33.0 8.0 1208.3 2560.92 33.15 317.2 35.61
288.0 0.0 3.0 33.0 8.0 1189.5 2537.45 33.15 322.54 35.61
288.0 0.0 3.0 33.0 8.0 1170.9 2534.34 33.15 322.29 35.61
288.0 0.0 3.0 33.0 8.0 1156.3 2543.5 33.15 324.86 35.61
288.0 0.0 3.0 33.0 8.0 1140.2 2564.99 33.15 337.09 35.61
288.0 0.0 3.0 33.0 8.0 1120.6 2586.22 34.23 338.73 35.61
375.0 0.0 0.0 46.0 11.0 748.16 3420.85 40.06 443.13 38.7
375.0 0.0 0.0 46.0 11.0 749.95 3280.16 40.06 447.38 38.7
375.0 0.0 0.0 46.0 11.0 753.63 3154.03 39.07 434.38 38.7
375.0 0.0 0.0 46.0 11.0 758.0 3029.14 39.07 445.13 35.12
375.0 0.0 0.0 46.0 11.0 761.97 2926.38 38.7 454.05 35.12
375.0 0.0 0.0 46.0 11.0 765.67 2859.35 38.7 463.86 35.12
375.0 0.0 0.0 46.0 11.0 768.75 2826.67 38.7 508.64 35.12
375.0 0.0 0.0 46.0 11.0 760.06 2813.48 35.12 517.98 35.12
375.0 0.0 0.0 46.0 11.0 751.73 2821.46 35.12 530.56 38.7
375.0 0.0 0.0 46.0 11.0 744.22 2805.74 35.12 532.15 38.7
375.0 0.0 0.0 46.0 11.0 736.05 2911.92 38.7 534.45 38.7
375.0 0.0 0.0 46.0 11.0 727.77 2958.75 38.7 533.39 38.7
297.0 0.0 5.0 34.0 8.0 215.3 3117.78 45.38 531.09 46.6
297.0 0.0 5.0 34.0 8.0 231.1 2993.92 45.0 531.02 46.6
297.0 0.0 5.0 34.0 8.0 247.8 2849.02 40.18 544.98 45.38
297.0 0.0 5.0 34.0 8.0 266.1 2710.29 39.81 561.35 45.36
297.0 0.0 5.0 34.0 8.0 287.4 2608.75 39.81 551.65 44.99
297.0 0.0 5.0 34.0 8.0 317.2 2523.52 36.1 536.19 40.18
297.0 0.0 5.0 34.0 8.0 345.7 2477.73 36.1 515.6 39.81
297.0 0.0 5.0 34.0 8.0 369.1 2454.01 36.1 489.38 39.81
297.0 0.0 5.0 34.0 8.0 386.2 2438.45 36.1 470.4 39.81
297.0 0.0 5.0 34.0 8.0 389.0 2445.45 36.1 460.46 39.81
297.0 0.0 5.0 34.0 8.0 390.5 2506.61 37.93 468.37 39.81
297.0 0.0 5.0 34.0 8.0 390.3 2497.0 37.93 477.34 39.81
588.0 0.0 4.0 24.0 6.0 248.68 3121.58 41.4 555.05 50.25
588.0 0.0 4.0 24.0 6.0 251.74 2994.6 39.17 561.86 38.91
588.0 0.0 4.0 24.0 6.0 255.54 2869.28 39.21 555.45 38.16
588.0 0.0 4.0 24.0 6.0 285.12 2782.64 39.17 535.87 38.16
588.0 0.0 4.0 24.0 6.0 316.82 2703.98 39.17 485.09 38.16
588.0 0.0 4.0 24.0 6.0 350.77 2658.74 39.17 487.81 38.16
588.0 0.0 4.0 24.0 6.0 386.3 2629.06 38.89 515.91 37.88
588.0 0.0 4.0 24.0 6.0 423.61 2577.66 38.89 485.41 37.88
588.0 0.0 4.0 24.0 6.0 462.58 2555.71 38.89 515.34 37.88
588.0 0.0 4.0 24.0 6.0 481.55 2611.0 38.89 508.51 37.88
588.0 0.0 4.0 24.0 6.0 499.3 2579.05 38.89 497.87 37.88
588.0 0.0 4.0 24.0 6.0 515.9 2664.8 38.89 461.26 31.72
157.0 1.0 5.0 14.0 4.0 432.2 3482.43 45.23 512.82 46.19
157.0 1.0 5.0 14.0 4.0 422.1 3412.32 44.77 496.85 43.45
157.0 1.0 5.0 14.0 4.0 412.1 3255.91 43.45 476.66 42.53
157.0 1.0 5.0 14.0 4.0 401.9 3138.52 42.53 478.77 42.53
157.0 1.0 5.0 14.0 4.0 395.5 3013.15 42.53 490.81 42.53
157.0 1.0 5.0 14.0 4.0 396.1 2921.13 42.53 496.34 42.13
157.0 1.0 5.0 14.0 4.0 398.2 2867.1 42.13 484.08 42.13
157.0 1.0 5.0 14.0 4.0 402.2 2812.17 42.13 482.94 42.13
157.0 1.0 5.0 14.0 4.0 404.5 2784.3 42.13 482.21 42.13
157.0 1.0 5.0 14.0 4.0 402.0 2773.05 42.13 470.62 42.13
157.0 1.0 5.0 14.0 4.0 400.4 2761.58 42.13 477.05 42.13
157.0 1.0 5.0 14.0 4.0 401.1 2755.0 42.13 476.59 42.13
343.0 0.0 2.0 41.0 10.0 66.61 3395.02 38.98 597.05 39.98
343.0 0.0 2.0 41.0 10.0 62.29 3302.64 39.04 603.86 39.98
343.0 0.0 2.0 41.0 10.0 58.06 3181.01 38.0 611.14 39.98
343.0 0.0 2.0 41.0 10.0 62.07 3079.15 38.0 608.77 39.04
343.0 0.0 2.0 41.0 10.0 66.16 3000.12 38.0 600.16 39.04
343.0 0.0 2.0 41.0 10.0 70.39 2934.86 38.0 602.08 38.0
343.0 0.0 2.0 41.0 10.0 74.88 2879.49 37.65 610.37 38.0
343.0 0.0 2.0 41.0 10.0 79.73 2852.58 37.65 564.94 38.0
343.0 0.0 2.0 41.0 10.0 85.17 2851.07 35.69 565.6 38.0
343.0 0.0 2.0 41.0 10.0 90.61 2885.78 38.98 564.7 38.0
343.0 0.0 2.0 41.0 10.0 96.41 2913.84 38.98 570.61 39.04
343.0 0.0 2.0 41.0 10.0 102.46 3000.0 38.98 563.83 39.98
253.0 0.0 3.0 28.0 7.0 46.98 3257.11 52.16 667.85 41.84
253.0 0.0 3.0 28.0 7.0 37.01 3076.79 50.23 688.03 41.84
253.0 0.0 3.0 28.0 7.0 29.61 2931.59 50.23 669.83 39.9
253.0 0.0 3.0 28.0 7.0 24.02 2801.89 49.85 658.68 39.9
253.0 0.0 3.0 28.0 7.0 20.06 2706.99 49.85 703.13 39.9
253.0 0.0 3.0 28.0 7.0 17.36 2636.31 49.85 695.29 39.52
253.0 0.0 3.0 28.0 7.0 16.04 2593.09 48.13 696.04 39.52
253.0 0.0 3.0 28.0 7.0 15.82 2572.92 48.13 690.85 39.52
253.0 0.0 3.0 28.0 7.0 16.27 2562.03 48.13 679.58 39.52
253.0 0.0 3.0 28.0 7.0 25.38 2565.21 48.13 667.62 39.52
253.0 0.0 3.0 28.0 7.0 39.81 2514.42 49.85 669.62 39.52
253.0 0.0 3.0 28.0 7.0 58.5 2503.54 48.13 652.81 39.52
549.0 1.0 0.0 19.0 5.0 504.9 3114.26 66.03 375.55 79.13
549.0 1.0 0.0 19.0 5.0 496.9 3074.5 61.69 373.94 64.19
549.0 1.0 0.0 19.0 5.0 489.9 2987.65 61.69 371.94 64.19
549.0 1.0 0.0 19.0 5.0 484.6 2870.87 61.58 378.82 64.19
549.0 1.0 0.0 19.0 5.0 478.9 2811.2 61.58 389.26 64.19
549.0 1.0 0.0 19.0 5.0 469.2 2712.06 61.58 407.25 64.19
549.0 1.0 0.0 19.0 5.0 456.2 2649.43 61.58 420.83 64.19
549.0 1.0 0.0 19.0 5.0 435.2 2612.65 61.58 440.73 64.19
549.0 1.0 0.0 19.0 5.0 415.3 2582.36 61.58 429.13 64.19
549.0 1.0 0.0 19.0 5.0 399.3 2570.02 61.58 368.26 87.53
549.0 1.0 0.0 19.0 5.0 385.5 2566.07 61.58 381.48 95.75
549.0 1.0 0.0 19.0 5.0 379.3 2571.96 61.58 399.33 90.22
93.0 0.0 3.0 5.0 2.0 384.4 3955.61 44.85 487.97 43.31
93.0 0.0 3.0 5.0 2.0 368.2 3786.42 43.01 504.86 42.91
93.0 0.0 3.0 5.0 2.0 347.6 3679.8 43.01 489.57 42.9
93.0 0.0 3.0 5.0 2.0 314.1 3513.71 42.61 484.65 40.98
93.0 0.0 3.0 5.0 2.0 285.7 3459.98 42.61 464.85 40.98
93.0 0.0 3.0 5.0 2.0 271.6 3333.55 42.61 456.38 40.98
93.0 0.0 3.0 5.0 2.0 260.1 3309.38 42.61 466.91 40.98
93.0 0.0 3.0 5.0 2.0 255.3 3264.21 42.61 488.98 40.98
93.0 0.0 3.0 5.0 2.0 256.9 3236.56 41.17 480.7 40.98
93.0 0.0 3.0 5.0 2.0 273.5 3270.63 42.61 478.46 37.94
93.0 0.0 3.0 5.0 2.0 291.2 3251.65 38.24 502.17 42.9
93.0 0.0 3.0 5.0 2.0 311.5 4299.16 47.38 509.06 40.96
169.0 0.0 3.0 16.0 4.0 634.74 3390.74 43.87 497.96 64.42
169.0 0.0 3.0 16.0 4.0 632.82 3287.04 43.87 483.46 64.42
169.0 0.0 3.0 16.0 4.0 631.13 3162.33 41.33 484.34 64.42
169.0 0.0 3.0 16.0 4.0 630.96 3059.24 41.33 499.96 64.42
169.0 0.0 3.0 16.0 4.0 631.01 2983.48 41.04 507.5 53.48
169.0 0.0 3.0 16.0 4.0 630.94 2920.28 32.93 519.73 53.48
169.0 0.0 3.0 16.0 4.0 631.0 2856.57 31.25 533.2 51.8
169.0 0.0 3.0 16.0 4.0 631.01 2830.16 31.25 542.68 51.8
169.0 0.0 3.0 16.0 4.0 630.51 2807.79 31.25 553.91 64.42
169.0 0.0 3.0 16.0 4.0 592.96 2813.96 31.25 554.74 64.42
169.0 0.0 3.0 16.0 4.0 550.76 2873.32 33.94 545.53 64.42
169.0 0.0 3.0 16.0 4.0 506.49 2957.93 41.04 548.82 58.83
86.0 0.0 3.0 4.0 1.0 650.7 3980.03 51.12 481.49 41.04
86.0 0.0 3.0 4.0 1.0 670.2 3790.75 50.02 488.85 41.04
86.0 0.0 3.0 4.0 1.0 689.7 3660.22 48.05 492.88 40.51
86.0 0.0 3.0 4.0 1.0 705.7 3518.3 43.76 492.2 40.47
86.0 0.0 3.0 4.0 1.0 725.4 3401.57 40.28 498.31 40.47
86.0 0.0 3.0 4.0 1.0 758.4 3310.48 33.46 511.81 40.47
86.0 0.0 3.0 4.0 1.0 784.7 3254.86 33.46 500.39 40.31
86.0 0.0 3.0 4.0 1.0 791.3 3232.03 33.46 494.38 40.16
86.0 0.0 3.0 4.0 1.0 796.8 3220.2 33.46 492.61 40.16
86.0 0.0 3.0 4.0 1.0 796.8 3210.65 33.46 466.07 25.57
86.0 0.0 3.0 4.0 1.0 796.1 3176.3 33.46 454.31 40.16
86.0 0.0 3.0 4.0 1.0 791.7 3238.26 36.52 446.59 40.16
590.0 0.0 6.0 24.0 6.0 287.15 3043.44 47.37 522.05 75.89
590.0 0.0 6.0 24.0 6.0 252.75 2946.4 47.37 539.55 71.87
590.0 0.0 6.0 24.0 6.0 220.78 2831.19 44.7 561.58 69.62
590.0 0.0 6.0 24.0 6.0 197.26 2730.32 44.7 579.75 66.25
590.0 0.0 6.0 24.0 6.0 174.8 2640.67 44.7 616.36 64.88
590.0 0.0 6.0 24.0 6.0 154.02 2558.32 44.7 618.19 61.89
590.0 0.0 6.0 24.0 6.0 135.54 2495.86 44.7 645.31 49.72
590.0 0.0 6.0 24.0 6.0 118.76 2422.47 44.7 678.49 49.72
590.0 0.0 6.0 24.0 6.0 102.68 2397.5 44.7 660.91 49.72
590.0 0.0 6.0 24.0 6.0 84.44 2388.33 44.7 649.33 49.72
590.0 0.0 6.0 24.0 6.0 68.56 2335.18 44.7 656.01 49.72
590.0 0.0 6.0 24.0 6.0 54.47 2331.83 44.7 674.6 49.72
289.0 0.0 4.0 33.0 8.0 485.9 3307.13 80.49 456.92 55.19
289.0 0.0 4.0 33.0 8.0 460.6 3126.78 80.32 464.99 54.56
289.0 0.0 4.0 33.0 8.0 436.1 2968.42 78.87 477.53 48.78
289.0 0.0 4.0 33.0 8.0 412.0 2839.18 75.65 470.65 47.07
289.0 0.0 4.0 33.0 8.0 388.2 2765.55 75.65 464.04 47.07
289.0 0.0 4.0 33.0 8.0 367.1 2693.82 72.24 448.15 47.07
289.0 0.0 4.0 33.0 8.0 345.0 2636.43 71.24 460.27 47.07
289.0 0.0 4.0 33.0 8.0 323.1 2601.2 71.24 465.82 47.07
289.0 0.0 4.0 33.0 8.0 301.9 2590.57 69.66 463.13 47.07
289.0 0.0 4.0 33.0 8.0 283.4 2600.89 69.66 463.95 48.0
289.0 0.0 4.0 33.0 8.0 264.9 2644.83 78.87 485.53 54.56
289.0 0.0 4.0 33.0 8.0 249.9 2643.58 78.79 506.31 54.7
193.0 0.0 6.0 19.0 5.0 248.54 3292.34 46.32 470.63 46.27
193.0 0.0 6.0 19.0 5.0 254.28 3255.39 46.27 478.36 46.27
193.0 0.0 6.0 19.0 5.0 259.94 3112.08 46.27 479.5 46.27
193.0 0.0 6.0 19.0 5.0 278.09 3008.68 41.57 472.3 41.57
193.0 0.0 6.0 19.0 5.0 296.78 2919.68 41.57 461.88 41.57
193.0 0.0 6.0 19.0 5.0 316.3 2821.82 41.57 448.18 41.57
193.0 0.0 6.0 19.0 5.0 336.79 2732.55 41.18 440.45 41.57
193.0 0.0 6.0 19.0 5.0 357.83 2695.13 41.18 421.44 41.18
193.0 0.0 6.0 19.0 5.0 379.12 2650.36 41.18 416.49 41.18
193.0 0.0 6.0 19.0 5.0 403.3 2628.98 41.18 404.19 41.18
193.0 0.0 6.0 19.0 5.0 427.68 2559.32 41.18 420.0 41.18
193.0 0.0 6.0 19.0 5.0 452.22 2505.35 41.18 413.74 41.18
263.0 0.0 6.0 29.0 7.0 655.8 3069.56 45.54 390.85 47.3
263.0 0.0 6.0 29.0 7.0 686.7 2947.99 45.54 369.95 47.11
263.0 0.0 6.0 29.0 7.0 716.8 2806.4 43.6 377.71 41.46
263.0 0.0 6.0 29.0 7.0 747.5 2679.76 43.52 397.15 41.1
263.0 0.0 6.0 29.0 7.0 776.6 2606.8 40.6 403.08 41.1
263.0 0.0 6.0 29.0 7.0 797.9 2521.99 38.78 425.68 41.1
263.0 0.0 6.0 29.0 7.0 816.9 2469.54 38.78 427.8 41.1
263.0 0.0 6.0 29.0 7.0 828.5 2429.12 38.78 434.09 41.1
263.0 0.0 6.0 29.0 7.0 839.3 2396.32 38.78 436.5 41.1
263.0 0.0 6.0 29.0 7.0 851.3 2390.07 38.78 436.2 41.1
263.0 0.0 6.0 29.0 7.0 863.1 2321.33 38.78 450.43 41.1
263.0 0.0 6.0 29.0 7.0 874.5 2247.23 38.42 459.16 41.1
