238.0 0.0 2.0 26.0 6.0 307.7 2705.66 40.48 606.69 40.48
238.0 0.0 2.0 26.0 6.0 301.1 2959.55 43.6 630.95 43.6
238.0 0.0 2.0 26.0 6.0 293.0 3321.01 45.19 617.39 45.19
238.0 0.0 2.0 26.0 6.0 283.3 3734.22 48.47 588.96 45.96
238.0 0.0 2.0 26.0 6.0 274.4 4043.71 48.47 572.81 49.9
238.0 0.0 2.0 26.0 6.0 270.7 4264.27 53.67 547.15 49.9
238.0 0.0 2.0 26.0 6.0 267.8 4375.24 64.61 526.83 49.9
238.0 0.0 2.0 26.0 6.0 266.9 4469.09 69.18 532.33 49.9
238.0 0.0 2.0 26.0 6.0 267.7 4508.68 73.3 520.12 49.9
238.0 0.0 2.0 26.0 6.0 272.5 4498.76 70.61 512.59 111.17
238.0 0.0 2.0 26.0 6.0 275.9 4554.59 70.99 521.36 111.17
238.0 0.0 2.0 26.0 6.0 278.8 4573.04 72.97 519.44 111.17
238.0 0.0 2.0 26.0 6.0 281.6 4611.95 81.63 516.32 111.17
238.0 0.0 2.0 26.0 6.0 285.3 4646.15 81.63 509.83 111.17
238.0 0.0 2.0 26.0 6.0 288.1 4614.93 81.63 507.04 111.17
584.0 0.0 0.0 24.0 6.0 560.08 2650.1 42.55 441.32 54.37
584.0 0.0 0.0 24.0 6.0 580.85 2943.68 44.01 434.27 54.37
584.0 0.0 0.0 24.0 6.0 598.55 3239.54 54.41 464.7 68.05
584.0 0.0 0.0 24.0 6.0 646.4 3637.41 59.73 487.92 68.05
584.0 0.0 0.0 24.0 6.0 697.1 3933.33 59.73 466.43 74.53
584.0 0.0 0.0 24.0 6.0 751.69 4166.58 62.91 441.66 73.93
584.0 0.0 0.0 24.0 6.0 809.07 4270.17 59.73 432.05 68.05
584.0 0.0 0.0 24.0 6.0 868.18 4355.48 59.95 375.67 68.05
584.0 0.0 0.0 24.0 6.0 927.62 4389.75 59.73 358.69 68.05
584.0 0.0 0.0 24.0 6.0 947.93 4399.51 59.73 358.24 68.05
584.0 0.0 0.0 24.0 6.0 968.07 4424.78 59.73 354.0 68.05
584.0 0.0 0.0 24.0 6.0 989.66 4462.63 59.73 351.94 57.65
584.0 0.0 0.0 24.0 6.0 1012.6 4474.45 59.73 347.26 57.65
584.0 0.0 0.0 24.0 6.0 1037.34 4471.56 59.73 341.13 57.65
584.0 0.0 0.0 24.0 6.0 1059.4 4464.65 59.73 333.01 57.65
362.0 0.0 1.0 44.0 10.0 194.14 2944.43 41.61 581.42 48.78
362.0 0.0 1.0 44.0 10.0 204.71 3177.58 46.41 606.59 57.69
362.0 0.0 1.0 44.0 10.0 215.54 3462.34 46.41 611.85 72.24
362.0 0.0 1.0 44.0 10.0 226.37 3702.04 62.04 601.68 73.78
362.0 0.0 1.0 44.0 10.0 237.56 3952.41 63.18 569.78 75.52
362.0 0.0 1.0 44.0 10.0 248.96 4245.61 63.97 558.01 78.63
362.0 0.0 1.0 44.0 10.0 259.98 4494.49 65.38 540.64 83.44
362.0 0.0 1.0 44.0 10.0 285.5 4669.4 65.38 516.27 83.4
362.0 0.0 1.0 44.0 10.0 310.4 4710.68 65.38 504.76 78.51
362.0 0.0 1.0 44.0 10.0 334.86 4742.72 65.38 500.04 78.51
362.0 0.0 1.0 44.0 10.0 360.73 4779.71 65.38 499.26 78.51
362.0 0.0 1.0 44.0 10.0 388.17 4792.5 65.38 485.87 78.61
362.0 0.0 1.0 44.0 10.0 415.57 4783.79 64.1 475.19 70.67
362.0 0.0 1.0 44.0 10.0 440.41 4758.34 63.97 471.42 60.43
362.0 0.0 1.0 44.0 10.0 466.59 4752.44 63.97 459.06 60.43
592.0 0.0 1.0 25.0 6.0 40.77 2762.59 44.46 579.98 48.78
592.0 0.0 1.0 25.0 6.0 46.64 3052.43 44.63 572.53 59.52
592.0 0.0 1.0 25.0 6.0 53.35 3388.73 44.46 595.32 59.52
592.0 0.0 1.0 25.0 6.0 44.1 3750.23 45.73 567.62 60.44
592.0 0.0 1.0 25.0 6.0 35.83 4037.29 46.76 511.03 60.68
592.0 0.0 1.0 25.0 6.0 32.17 4281.81 46.76 472.09 60.68
592.0 0.0 1.0 25.0 6.0 30.71 4356.58 49.81 478.71 64.44
592.0 0.0 1.0 25.0 6.0 30.38 4429.46 106.91 461.85 66.15
592.0 0.0 1.0 25.0 6.0 32.17 4461.47 103.86 456.83 64.7
592.0 0.0 1.0 25.0 6.0 35.73 4475.39 103.86 467.9 66.63
592.0 0.0 1.0 25.0 6.0 41.07 4505.51 103.86 457.57 66.65
592.0 0.0 1.0 25.0 6.0 48.22 4495.48 106.91 453.33 67.78
592.0 0.0 1.0 25.0 6.0 57.19 4505.43 103.86 460.69 68.88
592.0 0.0 1.0 25.0 6.0 67.93 4503.83 106.91 452.37 70.28
592.0 0.0 1.0 25.0 6.0 80.45 4492.14 106.91 447.69 66.26
386.0 0.0 4.0 47.0 11.0 379.21 3165.79 40.0 662.81 43.05
386.0 0.0 4.0 47.0 11.0 399.75 3491.12 41.15 666.76 51.42
386.0 0.0 4.0 47.0 11.0 421.62 3900.42 51.32 641.1 52.56
386.0 0.0 4.0 47.0 11.0 444.25 4367.77 53.81 598.89 54.03
386.0 0.0 4.0 47.0 11.0 467.7 4586.36 54.02 567.72 62.33
386.0 0.0 4.0 47.0 11.0 491.69 4647.81 54.02 558.34 63.32
386.0 0.0 4.0 47.0 11.0 516.31 4735.52 54.02 555.12 64.55
386.0 0.0 4.0 47.0 11.0 556.28 4828.52 58.79 544.87 66.79
386.0 0.0 4.0 47.0 11.0 596.06 4878.54 58.79 543.35 66.79
386.0 0.0 4.0 47.0 11.0 634.25 4876.41 54.02 545.76 66.79
386.0 0.0 4.0 47.0 11.0 671.72 4870.53 54.02 540.7 66.79
386.0 0.0 4.0 47.0 11.0 702.9 4896.19 54.02 536.63 66.79
386.0 0.0 4.0 47.0 11.0 728.14 4900.99 54.02 539.5 66.79
386.0 0.0 4.0 47.0 11.0 683.59 4920.19 54.02 544.6 66.79
386.0 0.0 4.0 47.0 11.0 639.16 4907.65 54.02 563.65 66.79
89.0 0.0 6.0 4.0 1.0 291.5 2893.79 40.62 597.89 40.71
89.0 0.0 6.0 4.0 1.0 286.4 2953.28 40.71 604.13 41.2
89.0 0.0 6.0 4.0 1.0 279.9 2990.7 40.62 601.56 41.2
89.0 0.0 6.0 4.0 1.0 271.9 3057.08 40.71 580.84 41.2
89.0 0.0 6.0 4.0 1.0 262.4 3126.39 41.2 577.12 41.2
89.0 0.0 6.0 4.0 1.0 250.9 3165.2 41.2 599.87 41.2
89.0 0.0 6.0 4.0 1.0 239.1 3352.77 41.5 618.03 42.15
89.0 0.0 6.0 4.0 1.0 226.5 3620.21 42.99 613.19 42.99
89.0 0.0 6.0 4.0 1.0 214.8 3841.77 43.22 618.75 43.22
89.0 0.0 6.0 4.0 1.0 212.0 4002.21 43.22 630.38 43.22
89.0 0.0 6.0 4.0 1.0 209.1 4147.95 43.76 628.67 43.76
89.0 0.0 6.0 4.0 1.0 209.5 4285.35 43.76 622.41 44.25
89.0 0.0 6.0 4.0 1.0 209.6 4426.48 43.76 610.09 45.54
89.0 0.0 6.0 4.0 1.0 211.2 4577.67 44.25 594.64 45.54
89.0 0.0 6.0 4.0 1.0 211.1 4609.36 45.11 580.98 45.54
355.0 0.0 0.0 43.0 10.0 209.57 2967.18 37.66 593.88 40.32
355.0 0.0 0.0 43.0 10.0 209.91 3293.14 38.8 610.43 50.03
355.0 0.0 0.0 43.0 10.0 210.33 3684.71 50.58 598.02 51.31
355.0 0.0 0.0 43.0 10.0 200.94 4214.38 52.35 569.55 57.89
355.0 0.0 0.0 43.0 10.0 191.39 4546.63 58.13 545.62 61.54
355.0 0.0 0.0 43.0 10.0 181.13 4671.56 59.77 523.88 61.54
355.0 0.0 0.0 43.0 10.0 170.48 4693.49 59.77 533.07 61.54
355.0 0.0 0.0 43.0 10.0 159.42 4751.42 59.77 531.05 61.54
355.0 0.0 0.0 43.0 10.0 146.3 4782.87 59.77 530.79 61.54
355.0 0.0 0.0 43.0 10.0 137.41 4826.28 60.94 533.71 61.54
355.0 0.0 0.0 43.0 10.0 130.16 4822.58 60.73 529.86 66.14
355.0 0.0 0.0 43.0 10.0 124.01 4857.68 61.45 527.21 66.14
355.0 0.0 0.0 43.0 10.0 119.09 4908.72 62.8 525.12 66.14
355.0 0.0 0.0 43.0 10.0 114.72 4966.72 64.15 521.84 66.14
355.0 0.0 0.0 43.0 10.0 111.89 4923.82 62.84 524.05 66.14
566.0 0.0 3.0 21.0 5.0 851.21 2915.21 55.72 413.05 57.05
566.0 0.0 3.0 21.0 5.0 841.22 3193.62 53.85 393.11 56.16
566.0 0.0 3.0 21.0 5.0 829.94 3550.62 55.72 382.02 67.77
566.0 0.0 3.0 21.0 5.0 882.09 3954.51 72.13 410.55 97.57
566.0 0.0 3.0 21.0 5.0 934.52 4230.61 55.72 392.54 96.11
566.0 0.0 3.0 21.0 5.0 994.97 4447.35 72.13 368.32 87.17
566.0 0.0 3.0 21.0 5.0 1058.3 4510.57 72.13 344.85 67.77
566.0 0.0 3.0 21.0 5.0 1118.45 4556.67 72.13 337.95 67.77
566.0 0.0 3.0 21.0 5.0 1174.81 4600.29 72.13 326.95 67.77
566.0 0.0 3.0 21.0 5.0 1191.33 4626.5 72.13 339.74 62.29
566.0 0.0 3.0 21.0 5.0 1213.24 4657.19 72.13 334.04 62.29
566.0 0.0 3.0 21.0 5.0 1234.31 4675.71 72.13 326.23 67.77
566.0 0.0 3.0 21.0 5.0 1254.48 4686.48 72.13 325.26 67.77
566.0 0.0 3.0 21.0 5.0 1273.83 4670.88 72.13 324.46 67.77
566.0 0.0 3.0 21.0 5.0 1292.34 4645.96 72.13 315.0 62.29
158.0 1.0 6.0 14.0 4.0 312.25 2699.63 49.95 509.42 44.6
158.0 1.0 6.0 14.0 4.0 307.08 2710.92 49.95 494.17 44.0
158.0 1.0 6.0 14.0 4.0 302.23 2712.07 50.55 524.97 45.19
158.0 1.0 6.0 14.0 4.0 326.78 2789.02 52.02 531.52 46.66
158.0 1.0 6.0 14.0 4.0 350.88 2928.88 50.55 527.48 46.66
158.0 1.0 6.0 14.0 4.0 373.3 3123.81 52.02 503.8 46.77
158.0 1.0 6.0 14.0 4.0 397.09 3279.1 53.11 516.31 46.77
158.0 1.0 6.0 14.0 4.0 423.73 3438.47 56.52 513.88 46.77
158.0 1.0 6.0 14.0 4.0 452.99 3584.01 58.18 503.95 47.51
158.0 1.0 6.0 14.0 4.0 489.98 3662.71 58.18 504.61 47.51
158.0 1.0 6.0 14.0 4.0 528.16 3739.2 58.18 497.58 47.51
158.0 1.0 6.0 14.0 4.0 567.66 3794.69 58.18 480.39 47.51
158.0 1.0 6.0 14.0 4.0 608.5 3875.11 59.08 475.21 48.18
158.0 1.0 6.0 14.0 4.0 650.28 3930.45 228.07 473.72 62.24
158.0 1.0 6.0 14.0 4.0 692.83 3948.48 58.18 475.14 74.33
96.0 0.0 6.0 5.0 2.0 137.04 3022.0 42.57 615.31 42.17
96.0 0.0 6.0 5.0 2.0 132.16 3067.45 42.57 630.74 42.17
96.0 0.0 6.0 5.0 2.0 127.22 3132.04 42.57 667.93 42.57
96.0 0.0 6.0 5.0 2.0 122.55 3194.76 51.48 667.89 42.57
96.0 0.0 6.0 5.0 2.0 118.17 3243.12 51.53 674.92 42.57
96.0 0.0 6.0 5.0 2.0 113.9 3307.57 51.53 671.57 43.15
96.0 0.0 6.0 5.0 2.0 109.96 3512.98 52.62 677.37 51.53
96.0 0.0 6.0 5.0 2.0 103.95 3736.18 53.07 677.26 52.62
96.0 0.0 6.0 5.0 2.0 98.43 3942.74 53.71 654.66 54.19
96.0 0.0 6.0 5.0 2.0 93.23 4135.58 54.59 617.49 54.59
96.0 0.0 6.0 5.0 2.0 88.38 4285.17 54.59 616.59 55.71
96.0 0.0 6.0 5.0 2.0 83.65 4430.61 55.71 602.95 56.7
96.0 0.0 6.0 5.0 2.0 77.99 4570.97 56.7 585.78 90.61
96.0 0.0 6.0 5.0 2.0 80.49 4697.93 56.7 570.05 102.3
96.0 0.0 6.0 5.0 2.0 83.83 4718.77 56.7 573.1 102.3
266.0 0.0 2.0 30.0 7.0 66.01 2624.72 39.65 720.96 39.28
266.0 0.0 2.0 30.0 7.0 65.65 2834.41 41.22 737.47 41.22
266.0 0.0 2.0 30.0 7.0 65.72 3130.04 43.98 751.19 43.36
266.0 0.0 2.0 30.0 7.0 64.2 3467.91 45.8 717.74 45.32
266.0 0.0 2.0 30.0 7.0 62.69 3762.01 46.02 668.33 45.72
266.0 0.0 2.0 30.0 7.0 61.22 4073.8 48.54 627.45 49.27
266.0 0.0 2.0 30.0 7.0 61.76 4251.49 50.14 610.48 49.27
266.0 0.0 2.0 30.0 7.0 63.11 4357.37 66.73 596.43 89.95
266.0 0.0 2.0 30.0 7.0 65.45 4395.32 66.73 589.56 89.95
266.0 0.0 2.0 30.0 7.0 62.49 4449.74 72.82 584.67 89.95
266.0 0.0 2.0 30.0 7.0 60.46 4493.88 80.28 582.6 93.48
266.0 0.0 2.0 30.0 7.0 58.0 4503.01 80.65 584.21 97.19
266.0 0.0 2.0 30.0 7.0 55.89 4524.91 83.48 580.75 105.03
266.0 0.0 2.0 30.0 7.0 53.95 4551.48 90.56 574.66 101.44
266.0 0.0 2.0 30.0 7.0 52.28 4528.96 83.95 573.34 89.95
271.0 0.0 0.0 31.0 7.0 145.9 2537.79 43.65 742.04 43.65
271.0 0.0 0.0 31.0 7.0 136.5 2746.07 43.66 742.35 45.22
271.0 0.0 0.0 31.0 7.0 127.2 3026.73 45.22 725.39 45.67
271.0 0.0 0.0 31.0 7.0 117.6 3359.66 46.08 664.95 45.67
271.0 0.0 0.0 31.0 7.0 110.1 3645.68 46.08 641.8 46.08
271.0 0.0 0.0 31.0 7.0 105.5 3938.54 125.71 599.01 46.08
271.0 0.0 0.0 31.0 7.0 101.5 4120.02 52.98 583.56 48.17
271.0 0.0 0.0 31.0 7.0 99.8 4280.82 56.83 573.75 50.46
271.0 0.0 0.0 31.0 7.0 96.9 4333.95 58.01 570.1 50.46
271.0 0.0 0.0 31.0 7.0 97.4 4401.31 58.9 571.25 50.46
271.0 0.0 0.0 31.0 7.0 98.3 4442.0 60.29 569.87 54.87
271.0 0.0 0.0 31.0 7.0 101.9 4483.87 60.29 568.72 54.87
271.0 0.0 0.0 31.0 7.0 106.4 4519.71 60.29 568.77 111.82
271.0 0.0 0.0 31.0 7.0 111.9 4552.6 102.38 567.14 116.52
271.0 0.0 0.0 31.0 7.0 118.5 4541.93 102.27 565.84 115.11
187.0 1.0 0.0 19.0 5.0 553.1 2502.0 49.45 493.59 38.87
187.0 1.0 0.0 19.0 5.0 566.3 2613.55 49.45 515.78 41.31
187.0 1.0 0.0 19.0 5.0 579.2 2758.23 51.87 529.64 41.31
187.0 1.0 0.0 19.0 5.0 587.5 2934.7 57.6 538.07 41.32
187.0 1.0 0.0 19.0 5.0 593.0 3093.19 52.29 537.52 41.7
187.0 1.0 0.0 19.0 5.0 590.5 3253.14 58.71 521.75 48.43
187.0 1.0 0.0 19.0 5.0 589.1 3383.56 58.71 515.29 48.43
187.0 1.0 0.0 19.0 5.0 589.5 3522.78 58.71 505.55 49.38
187.0 1.0 0.0 19.0 5.0 588.5 3676.76 59.02 502.49 51.67
187.0 1.0 0.0 19.0 5.0 584.1 3755.93 59.02 508.26 54.23
187.0 1.0 0.0 19.0 5.0 579.3 3833.63 60.95 489.33 58.08
187.0 1.0 0.0 19.0 5.0 572.4 3906.66 67.26 491.46 58.13
187.0 1.0 0.0 19.0 5.0 565.5 3943.76 70.18 505.79 61.36
187.0 1.0 0.0 19.0 5.0 557.8 3938.05 69.94 486.8 61.36
187.0 1.0 0.0 19.0 5.0 551.2 3925.4 69.3 487.19 61.36
539.0 0.0 4.0 17.0 4.0 568.35 3215.04 55.54 567.95 52.55
539.0 0.0 4.0 17.0 4.0 567.46 3422.27 57.57 560.16 56.61
539.0 0.0 4.0 17.0 4.0 566.6 3782.28 70.48 577.09 69.67
539.0 0.0 4.0 17.0 4.0 635.75 4230.43 70.83 505.94 72.94
539.0 0.0 4.0 17.0 4.0 690.63 4511.93 70.83 488.89 70.32
539.0 0.0 4.0 17.0 4.0 746.22 4670.09 70.83 472.69 70.09
539.0 0.0 4.0 17.0 4.0 809.86 4696.17 70.83 463.3 70.09
539.0 0.0 4.0 17.0 4.0 879.24 4735.86 70.83 455.0 70.09
539.0 0.0 4.0 17.0 4.0 947.04 4713.53 70.83 452.09 74.39
539.0 0.0 4.0 17.0 4.0 994.73 4701.13 70.83 450.77 71.35
539.0 0.0 4.0 17.0 4.0 1044.87 4697.39 70.83 441.88 74.05
539.0 0.0 4.0 17.0 4.0 1093.17 4696.13 70.83 435.3 70.09
539.0 0.0 4.0 17.0 4.0 1138.23 4690.37 70.83 427.8 70.09
539.0 0.0 4.0 17.0 4.0 1179.89 4698.1 70.83 427.88 78.17
539.0 0.0 4.0 17.0 4.0 1217.36 4645.06 70.83 427.6 69.81
43.0 0.0 2.0 50.0 12.0 1081.82 3443.41 43.03 472.03 43.82
43.0 0.0 2.0 50.0 12.0 1064.56 3777.44 43.82 507.82 43.82
43.0 0.0 2.0 50.0 12.0 1046.67 4211.59 44.93 510.81 44.93
43.0 0.0 2.0 50.0 12.0 1028.43 4755.72 45.95 517.97 47.04
43.0 0.0 2.0 50.0 12.0 1010.44 5082.31 48.43 526.12 51.95
43.0 0.0 2.0 50.0 12.0 1052.98 5100.81 47.04 497.97 52.2
43.0 0.0 2.0 50.0 12.0 1091.72 5133.31 47.04 514.39 50.81
43.0 0.0 2.0 50.0 12.0 1123.35 5268.59 47.98 516.66 51.75
43.0 0.0 2.0 50.0 12.0 1143.89 5327.36 48.43 515.47 50.81
43.0 0.0 2.0 50.0 12.0 1151.67 5358.0 48.43 503.04 50.81
43.0 0.0 2.0 50.0 12.0 1146.79 5355.15 47.04 507.51 52.2
43.0 0.0 2.0 50.0 12.0 1146.48 5370.3 47.04 518.26 51.75
43.0 0.0 2.0 50.0 12.0 1140.51 5363.19 47.04 522.92 53.21
43.0 0.0 2.0 50.0 12.0 1131.49 5401.32 47.04 535.86 53.21
43.0 0.0 2.0 50.0 12.0 1118.58 5332.7 47.04 544.05 52.2
349.0 0.0 1.0 42.0 10.0 762.9 3111.96 39.85 529.53 39.15
349.0 0.0 1.0 42.0 10.0 721.8 3380.07 39.85 552.01 40.99
349.0 0.0 1.0 42.0 10.0 680.8 3877.97 50.8 562.93 51.52
349.0 0.0 1.0 42.0 10.0 641.1 4360.5 51.58 531.67 51.93
349.0 0.0 1.0 42.0 10.0 599.7 4594.12 55.53 499.14 51.93
349.0 0.0 1.0 42.0 10.0 552.9 4720.04 56.32 494.33 51.58
349.0 0.0 1.0 42.0 10.0 503.6 4743.59 56.96 496.85 51.93
349.0 0.0 1.0 42.0 10.0 452.4 4800.57 58.28 490.98 51.93
349.0 0.0 1.0 42.0 10.0 403.3 4799.6 58.63 495.0 99.67
349.0 0.0 1.0 42.0 10.0 364.1 4806.66 57.13 501.7 99.67
349.0 0.0 1.0 42.0 10.0 326.7 4792.52 57.05 506.54 99.85
349.0 0.0 1.0 42.0 10.0 293.0 4798.28 57.44 504.18 99.85
349.0 0.0 1.0 42.0 10.0 257.5 4803.05 57.79 504.71 99.85
349.0 0.0 1.0 42.0 10.0 217.2 4824.87 58.4 505.85 99.85
349.0 0.0 1.0 42.0 10.0 179.5 4821.19 58.65 504.07 99.67
281.0 0.0 3.0 32.0 8.0 54.8 2597.66 42.99 630.51 42.98
281.0 0.0 3.0 32.0 8.0 55.6 2770.44 43.22 645.3 42.98
281.0 0.0 3.0 32.0 8.0 55.7 3045.38 45.51 616.56 45.19
281.0 0.0 3.0 32.0 8.0 56.3 3335.51 50.83 554.34 45.5
281.0 0.0 3.0 32.0 8.0 56.3 3668.67 52.85 531.82 47.61
281.0 0.0 3.0 32.0 8.0 54.2 3937.97 54.06 503.16 48.85
281.0 0.0 3.0 32.0 8.0 52.2 4116.32 59.01 496.69 48.85
281.0 0.0 3.0 32.0 8.0 50.2 4239.11 61.59 485.15 83.36
281.0 0.0 3.0 32.0 8.0 48.3 4326.73 63.74 475.35 83.36
281.0 0.0 3.0 32.0 8.0 47.9 4369.44 64.51 471.08 83.39
281.0 0.0 3.0 32.0 8.0 47.7 4424.31 76.53 468.63 83.39
281.0 0.0 3.0 32.0 8.0 48.0 4457.93 76.53 458.59 83.39
281.0 0.0 3.0 32.0 8.0 48.7 4477.57 76.34 472.01 83.39
281.0 0.0 3.0 32.0 8.0 51.3 4509.94 76.34 466.61 83.39
281.0 0.0 3.0 32.0 8.0 53.6 4494.96 76.34 469.7 83.36
268.0 0.0 4.0 30.0 7.0 333.0 2660.97 52.63 613.88 47.32
268.0 0.0 4.0 30.0 7.0 351.1 2876.83 57.59 638.15 52.91
268.0 0.0 4.0 30.0 7.0 368.1 3156.48 60.32 655.61 55.96
268.0 0.0 4.0 30.0 7.0 381.1 3497.03 61.66 638.47 57.04
268.0 0.0 4.0 30.0 7.0 395.3 3802.32 61.66 621.56 57.69
268.0 0.0 4.0 30.0 7.0 409.8 4079.24 62.35 582.62 59.96
268.0 0.0 4.0 30.0 7.0 423.3 4270.25 69.64 567.49 61.23
268.0 0.0 4.0 30.0 7.0 431.8 4391.91 76.48 559.54 63.58
268.0 0.0 4.0 30.0 7.0 440.0 4425.88 77.59 542.51 64.63
268.0 0.0 4.0 30.0 7.0 446.7 4453.41 78.59 536.4 65.09
268.0 0.0 4.0 30.0 7.0 455.1 4474.97 77.77 538.58 64.91
268.0 0.0 4.0 30.0 7.0 467.0 4495.44 78.09 532.78 64.34
268.0 0.0 4.0 30.0 7.0 480.4 4510.99 77.79 535.55 62.5
268.0 0.0 4.0 30.0 7.0 499.6 4519.16 77.16 523.07 57.69
268.0 0.0 4.0 30.0 7.0 519.0 4489.62 81.23 519.29 57.69
46.0 0.0 5.0 50.0 12.0 1103.22 3327.16 26.97 419.92 26.97
46.0 0.0 5.0 50.0 12.0 1093.35 3409.57 42.14 425.5 42.7
46.0 0.0 5.0 50.0 12.0 1082.42 3540.08 42.88 452.04 42.88
46.0 0.0 5.0 50.0 12.0 1070.58 3732.54 46.07 447.46 42.88
46.0 0.0 5.0 50.0 12.0 1058.03 3879.69 46.07 469.51 45.23
46.0 0.0 5.0 50.0 12.0 1045.44 4015.02 46.29 483.98 45.45
46.0 0.0 5.0 50.0 12.0 1028.6 4284.84 46.67 480.23 45.83
46.0 0.0 5.0 50.0 12.0 1005.63 4531.12 46.74 491.99 46.09
46.0 0.0 5.0 50.0 12.0 974.36 4681.56 50.15 502.84 47.77
46.0 0.0 5.0 50.0 12.0 939.92 4807.92 51.28 516.45 49.13
46.0 0.0 5.0 50.0 12.0 903.37 4878.17 51.68 508.75 49.53
46.0 0.0 5.0 50.0 12.0 886.61 4901.32 51.68 516.13 49.53
46.0 0.0 5.0 50.0 12.0 869.63 4891.98 51.68 499.57 49.53
46.0 0.0 5.0 50.0 12.0 852.72 4942.89 53.73 497.63 49.53
46.0 0.0 5.0 50.0 12.0 836.16 4940.28 53.73 508.34 49.53
543.0 0.0 1.0 18.0 4.0 103.8 3045.52 47.56 618.49 34.52
543.0 0.0 1.0 18.0 4.0 97.6 3258.74 51.29 586.21 47.2
543.0 0.0 1.0 18.0 4.0 92.3 3679.25 50.1 588.93 50.1
543.0 0.0 1.0 18.0 4.0 89.4 4077.39 54.83 565.77 53.11
543.0 0.0 1.0 18.0 4.0 86.4 4401.17 54.83 522.61 54.8
543.0 0.0 1.0 18.0 4.0 82.5 4586.55 103.19 499.28 135.18
543.0 0.0 1.0 18.0 4.0 78.8 4611.43 103.19 492.76 135.18
543.0 0.0 1.0 18.0 4.0 75.4 4662.2 103.19 500.65 135.18
543.0 0.0 1.0 18.0 4.0 72.1 4653.62 103.19 499.5 135.18
543.0 0.0 1.0 18.0 4.0 70.3 4651.93 103.19 514.86 135.18
543.0 0.0 1.0 18.0 4.0 69.4 4633.13 103.19 506.46 135.18
543.0 0.0 1.0 18.0 4.0 66.9 4620.17 103.19 507.6 135.18
543.0 0.0 1.0 18.0 4.0 65.9 4643.61 103.19 506.98 135.18
543.0 0.0 1.0 18.0 4.0 66.1 4672.67 103.19 506.44 135.18
543.0 0.0 1.0 18.0 4.0 67.4 4656.82 103.19 501.81 54.8
178.0 0.0 5.0 17.0 4.0 535.07 2875.28 54.42 480.02 43.31
178.0 0.0 5.0 17.0 4.0 543.54 2870.86 54.41 491.65 40.62
178.0 0.0 5.0 17.0 4.0 549.67 3002.36 53.65 510.93 46.0
178.0 0.0 5.0 17.0 4.0 557.62 3199.76 56.0 538.54 46.27
178.0 0.0 5.0 17.0 4.0 559.14 3451.79 54.83 557.35 46.41
178.0 0.0 5.0 17.0 4.0 564.83 3695.35 57.51 546.01 46.69
178.0 0.0 5.0 17.0 4.0 580.03 3893.52 59.28 530.21 48.42
178.0 0.0 5.0 17.0 4.0 602.12 4011.81 61.37 517.23 125.47
178.0 0.0 5.0 17.0 4.0 621.99 4119.02 64.97 521.95 125.47
178.0 0.0 5.0 17.0 4.0 626.62 4168.3 66.06 502.46 125.47
178.0 0.0 5.0 17.0 4.0 632.53 4162.43 66.19 494.76 125.47
178.0 0.0 5.0 17.0 4.0 639.37 4215.34 68.14 493.37 125.47
178.0 0.0 5.0 17.0 4.0 646.99 4190.11 67.27 490.9 125.47
178.0 0.0 5.0 17.0 4.0 654.88 4197.38 67.03 490.06 125.47
178.0 0.0 5.0 17.0 4.0 527.27 4176.0 64.46 491.19 48.42
134.0 0.0 2.0 11.0 3.0 366.2 3218.12 45.21 587.4 45.93
134.0 0.0 2.0 11.0 3.0 371.9 3477.65 45.58 582.93 45.93
134.0 0.0 2.0 11.0 3.0 374.1 3849.21 46.55 646.34 48.06
134.0 0.0 2.0 11.0 3.0 367.9 4236.36 47.67 582.58 50.16
134.0 0.0 2.0 11.0 3.0 362.2 4497.03 48.06 543.9 50.64
134.0 0.0 2.0 11.0 3.0 358.2 4570.16 48.06 510.92 50.16
134.0 0.0 2.0 11.0 3.0 356.2 4704.59 48.06 514.11 50.64
134.0 0.0 2.0 11.0 3.0 361.8 4810.77 50.64 512.88 50.64
134.0 0.0 2.0 11.0 3.0 367.6 4806.89 50.64 523.53 50.16
134.0 0.0 2.0 11.0 3.0 370.6 4804.35 50.64 516.25 50.0
134.0 0.0 2.0 11.0 3.0 373.2 4835.56 50.64 513.36 50.0
134.0 0.0 2.0 11.0 3.0 377.3 4837.17 50.64 518.18 50.0
134.0 0.0 2.0 11.0 3.0 380.2 4864.9 50.64 522.56 50.64
134.0 0.0 2.0 11.0 3.0 377.3 4860.31 50.64 530.63 50.64
134.0 0.0 2.0 11.0 3.0 373.8 4811.93 48.06 530.21 50.0
183.0 0.0 3.0 18.0 5.0 88.68 3095.45 52.57 662.73 56.78
183.0 0.0 3.0 18.0 5.0 89.99 3319.65 60.49 690.48 65.77
183.0 0.0 3.0 18.0 5.0 91.27 3669.59 61.55 683.92 68.42
183.0 0.0 3.0 18.0 5.0 85.08 4148.74 64.2 647.12 82.25
183.0 0.0 3.0 18.0 5.0 77.21 4501.56 70.44 606.66 96.33
183.0 0.0 3.0 18.0 5.0 69.58 4685.35 79.58 573.94 82.33
183.0 0.0 3.0 18.0 5.0 64.31 4684.05 79.78 565.03 86.53
183.0 0.0 3.0 18.0 5.0 60.01 4763.16 81.27 567.75 96.28
183.0 0.0 3.0 18.0 5.0 57.67 4765.98 79.39 573.53 87.76
183.0 0.0 3.0 18.0 5.0 62.09 4791.05 79.73 570.43 87.33
183.0 0.0 3.0 18.0 5.0 66.64 4836.07 80.53 555.6 85.88
183.0 0.0 3.0 18.0 5.0 72.44 4863.84 80.75 547.62 84.9
183.0 0.0 3.0 18.0 5.0 78.96 4886.65 80.75 544.65 84.1
183.0 0.0 3.0 18.0 5.0 85.89 4912.8 81.54 553.17 84.63
183.0 0.0 3.0 18.0 5.0 93.63 4904.14 81.3 535.52 83.66
457.0 0.0 5.0 5.0 2.0 535.5 3153.51 33.73 541.11 33.72
457.0 0.0 5.0 5.0 2.0 496.5 3226.63 37.81 573.76 38.09
457.0 0.0 5.0 5.0 2.0 457.7 3375.38 46.68 581.78 47.03
457.0 0.0 5.0 5.0 2.0 414.8 3502.16 46.83 623.23 47.03
457.0 0.0 5.0 5.0 2.0 372.8 3662.55 46.83 583.68 47.03
457.0 0.0 5.0 5.0 2.0 336.1 3823.86 47.15 566.18 47.15
457.0 0.0 5.0 5.0 2.0 300.7 4035.34 49.6 582.1 49.6
457.0 0.0 5.0 5.0 2.0 265.6 4258.49 54.3 578.53 54.34
457.0 0.0 5.0 5.0 2.0 232.8 4445.44 57.15 567.78 59.16
457.0 0.0 5.0 5.0 2.0 202.4 4581.77 57.82 563.9 59.16
457.0 0.0 5.0 5.0 2.0 174.8 4681.27 62.56 559.25 59.16
457.0 0.0 5.0 5.0 2.0 156.3 4762.4 62.56 550.53 59.16
457.0 0.0 5.0 5.0 2.0 141.2 4795.95 62.52 548.08 59.16
457.0 0.0 5.0 5.0 2.0 134.5 4852.94 62.52 540.81 59.16
457.0 0.0 5.0 5.0 2.0 128.3 4833.91 62.52 539.35 59.16
451.0 0.0 6.0 4.0 1.0 1329.9 3081.0 33.02 356.69 29.1
451.0 0.0 6.0 4.0 1.0 1338.3 3120.45 33.02 352.08 29.1
451.0 0.0 6.0 4.0 1.0 1347.6 3193.91 33.02 350.5 33.02
451.0 0.0 6.0 4.0 1.0 1360.3 3255.31 33.02 357.63 33.02
451.0 0.0 6.0 4.0 1.0 1370.4 3323.39 33.33 368.62 32.97
451.0 0.0 6.0 4.0 1.0 1372.4 3365.79 33.33 361.45 33.07
451.0 0.0 6.0 4.0 1.0 1372.8 3589.06 33.33 357.06 32.86
451.0 0.0 6.0 4.0 1.0 1372.7 3799.38 33.62 344.6 33.8
451.0 0.0 6.0 4.0 1.0 1373.8 4005.09 33.8 338.74 33.8
451.0 0.0 6.0 4.0 1.0 1375.9 4178.07 33.8 325.55 33.8
451.0 0.0 6.0 4.0 1.0 1378.4 4327.06 48.02 323.99 37.13
451.0 0.0 6.0 4.0 1.0 1379.4 4481.86 48.02 336.17 33.8
451.0 0.0 6.0 4.0 1.0 1378.6 4651.69 69.73 353.77 48.44
451.0 0.0 6.0 4.0 1.0 1372.7 4747.62 69.73 355.77 48.44
451.0 0.0 6.0 4.0 1.0 1368.7 4729.69 69.73 370.48 48.44
441.0 0.0 3.0 3.0 1.0 98.6 3331.34 58.97 618.48 69.65
441.0 0.0 3.0 3.0 1.0 108.9 3678.34 68.34 610.92 72.62
441.0 0.0 3.0 3.0 1.0 121.8 4099.09 70.38 582.86 75.09
441.0 0.0 3.0 3.0 1.0 141.7 4633.51 72.43 538.09 75.09
441.0 0.0 3.0 3.0 1.0 162.8 4930.85 74.12 510.37 77.62
441.0 0.0 3.0 3.0 1.0 190.1 5012.06 78.58 499.44 75.09
441.0 0.0 3.0 3.0 1.0 219.6 5007.53 72.43 504.23 75.09
441.0 0.0 3.0 3.0 1.0 257.7 5102.4 72.43 487.46 75.09
441.0 0.0 3.0 3.0 1.0 299.0 5150.11 72.43 480.71 75.09
441.0 0.0 3.0 3.0 1.0 351.6 5153.23 72.43 477.0 75.09
441.0 0.0 3.0 3.0 1.0 407.3 5180.44 72.43 475.04 75.09
441.0 0.0 3.0 3.0 1.0 471.2 5166.94 74.29 475.46 75.09
441.0 0.0 3.0 3.0 1.0 535.7 5181.32 73.48 455.14 75.09
441.0 0.0 3.0 3.0 1.0 604.3 5210.49 71.96 450.89 75.09
441.0 0.0 3.0 3.0 1.0 674.9 5206.63 71.96 445.59 75.09
85.0 0.0 2.0 4.0 1.0 1357.47 3379.66 40.16 341.06 40.16
85.0 0.0 2.0 4.0 1.0 1363.03 3683.63 40.16 355.84 32.26
85.0 0.0 2.0 4.0 1.0 1365.88 4097.42 40.51 400.85 40.51
85.0 0.0 2.0 4.0 1.0 1366.41 4646.89 42.97 401.78 42.04
85.0 0.0 2.0 4.0 1.0 1364.99 4912.48 50.86 418.89 42.97
85.0 0.0 2.0 4.0 1.0 1365.66 4976.16 53.58 442.09 41.42
85.0 0.0 2.0 4.0 1.0 1364.71 4933.98 53.58 423.64 42.04
85.0 0.0 2.0 4.0 1.0 1362.51 5011.54 53.58 431.09 42.04
85.0 0.0 2.0 4.0 1.0 1359.4 5049.7 53.58 423.08 42.04
85.0 0.0 2.0 4.0 1.0 1355.4 5052.63 53.58 423.86 41.42
85.0 0.0 2.0 4.0 1.0 1350.49 5078.14 53.58 412.36 41.42
85.0 0.0 2.0 4.0 1.0 1358.15 5071.67 53.58 411.54 41.42
85.0 0.0 2.0 4.0 1.0 1360.66 5072.15 53.58 413.01 42.04
85.0 0.0 2.0 4.0 1.0 1354.19 5104.67 53.58 422.93 42.04
85.0 0.0 2.0 4.0 1.0 1333.99 5099.8 56.23 442.04 42.04
393.0 0.0 4.0 48.0 11.0 131.44 3494.92 41.63 657.33 51.9
393.0 0.0 4.0 48.0 11.0 131.39 3741.1 49.57 670.86 53.05
393.0 0.0 4.0 48.0 11.0 131.83 4112.9 130.73 625.61 54.3
393.0 0.0 4.0 48.0 11.0 133.02 4643.83 133.17 564.56 58.92
393.0 0.0 4.0 48.0 11.0 134.97 4988.82 133.29 557.38 58.92
393.0 0.0 4.0 48.0 11.0 137.32 4991.38 133.29 551.53 58.92
393.0 0.0 4.0 48.0 11.0 140.01 5094.46 138.34 560.12 59.54
393.0 0.0 4.0 48.0 11.0 133.34 5239.67 152.86 543.14 59.55
393.0 0.0 4.0 48.0 11.0 127.59 5199.7 80.76 542.27 59.55
393.0 0.0 4.0 48.0 11.0 122.96 5242.27 84.71 540.91 59.55
393.0 0.0 4.0 48.0 11.0 118.24 5250.49 86.29 541.0 59.55
393.0 0.0 4.0 48.0 11.0 114.2 5238.44 85.83 544.35 59.55
393.0 0.0 4.0 48.0 11.0 109.14 5231.44 86.18 545.44 59.55
393.0 0.0 4.0 48.0 11.0 105.5 5252.58 87.26 542.43 59.55
393.0 0.0 4.0 48.0 11.0 101.51 5227.0 84.61 544.31 59.55
586.0 0.0 2.0 24.0 6.0 125.5 2751.14 46.87 679.82 33.1
586.0 0.0 2.0 24.0 6.0 113.8 3062.82 51.61 651.9 43.52
586.0 0.0 2.0 24.0 6.0 103.8 3376.46 61.79 619.67 44.45
586.0 0.0 2.0 24.0 6.0 93.0 3776.16 62.62 580.02 45.37
586.0 0.0 2.0 24.0 6.0 82.0 4071.17 66.63 557.42 89.77
586.0 0.0 2.0 24.0 6.0 77.0 4288.27 70.27 528.99 89.85
586.0 0.0 2.0 24.0 6.0 71.0 4359.57 65.4 524.53 89.77
586.0 0.0 2.0 24.0 6.0 68.5 4420.13 66.11 493.96 89.77
586.0 0.0 2.0 24.0 6.0 68.4 4439.99 65.64 501.09 89.77
586.0 0.0 2.0 24.0 6.0 75.3 4434.83 64.52 500.53 89.77
586.0 0.0 2.0 24.0 6.0 83.3 4475.9 65.02 501.02 89.77
586.0 0.0 2.0 24.0 6.0 98.5 4481.85 64.55 500.18 89.77
586.0 0.0 2.0 24.0 6.0 116.1 4493.36 64.2 482.88 89.77
586.0 0.0 2.0 24.0 6.0 140.1 4475.96 63.09 463.4 89.77
586.0 0.0 2.0 24.0 6.0 165.8 4467.59 61.25 450.05 89.63
293.0 0.0 1.0 34.0 8.0 295.73 2702.76 49.4 455.99 43.17
293.0 0.0 1.0 34.0 8.0 317.03 2878.6 52.86 469.39 44.34
293.0 0.0 1.0 34.0 8.0 339.91 3162.17 53.66 460.75 46.73
293.0 0.0 1.0 34.0 8.0 365.12 3483.22 55.98 436.74 47.2
293.0 0.0 1.0 34.0 8.0 390.47 3781.72 55.98 430.51 50.29
293.0 0.0 1.0 34.0 8.0 408.31 4062.06 57.6 423.32 51.46
293.0 0.0 1.0 34.0 8.0 425.08 4253.56 62.49 413.03 55.79
293.0 0.0 1.0 34.0 8.0 452.38 4403.72 67.15 423.5 59.87
293.0 0.0 1.0 34.0 8.0 485.4 4496.83 68.62 440.6 59.86
293.0 0.0 1.0 34.0 8.0 503.07 4530.69 73.02 460.13 110.96
293.0 0.0 1.0 34.0 8.0 524.11 4553.1 73.02 465.98 110.96
293.0 0.0 1.0 34.0 8.0 542.94 4596.97 73.02 455.6 110.96
293.0 0.0 1.0 34.0 8.0 562.01 4616.81 73.02 452.54 143.77
293.0 0.0 1.0 34.0 8.0 581.1 4639.08 73.02 450.06 110.86
293.0 0.0 1.0 34.0 8.0 599.71 4610.47 73.02 450.86 110.86
593.0 0.0 2.0 25.0 6.0 119.41 2792.06 32.78 546.42 44.26
593.0 0.0 2.0 25.0 6.0 116.18 3082.78 43.83 543.54 50.67
593.0 0.0 2.0 25.0 6.0 109.67 3422.01 44.18 545.54 53.94
593.0 0.0 2.0 25.0 6.0 111.03 3798.16 45.86 525.14 56.63
593.0 0.0 2.0 25.0 6.0 118.22 4086.06 45.86 493.52 57.22
593.0 0.0 2.0 25.0 6.0 128.74 4321.53 61.7 451.63 55.82
593.0 0.0 2.0 25.0 6.0 142.32 4396.41 69.31 451.03 55.51
593.0 0.0 2.0 25.0 6.0 157.93 4480.86 74.24 436.06 55.82
593.0 0.0 2.0 25.0 6.0 174.93 4514.81 74.24 425.21 55.82
593.0 0.0 2.0 25.0 6.0 175.58 4532.66 74.24 430.02 58.25
593.0 0.0 2.0 25.0 6.0 176.4 4561.43 74.24 428.38 58.38
593.0 0.0 2.0 25.0 6.0 177.34 4546.72 74.24 429.61 58.85
593.0 0.0 2.0 25.0 6.0 178.4 4555.96 73.72 432.32 57.35
593.0 0.0 2.0 25.0 6.0 179.89 4545.75 73.72 436.28 55.82
593.0 0.0 2.0 25.0 6.0 181.57 4533.64 73.72 422.14 54.97
258.0 0.0 1.0 29.0 7.0 214.66 2584.72 40.86 685.99 43.36
258.0 0.0 1.0 29.0 7.0 228.99 2796.69 40.86 711.84 43.72
258.0 0.0 1.0 29.0 7.0 244.41 3079.17 45.25 704.1 50.92
258.0 0.0 1.0 29.0 7.0 255.36 3409.34 46.29 643.64 55.84
258.0 0.0 1.0 29.0 7.0 264.32 3710.24 46.39 590.74 56.48
258.0 0.0 1.0 29.0 7.0 273.38 3989.42 46.66 554.03 61.01
258.0 0.0 1.0 29.0 7.0 283.76 4159.3 51.11 539.06 64.71
258.0 0.0 1.0 29.0 7.0 295.41 4254.93 101.57 537.12 64.71
258.0 0.0 1.0 29.0 7.0 310.03 4318.57 101.57 518.21 64.71
258.0 0.0 1.0 29.0 7.0 327.31 4350.69 101.57 512.52 64.71
258.0 0.0 1.0 29.0 7.0 347.65 4392.81 101.57 510.57 64.71
258.0 0.0 1.0 29.0 7.0 368.75 4431.17 101.57 502.55 64.71
258.0 0.0 1.0 29.0 7.0 391.87 4471.23 101.57 499.73 64.71
258.0 0.0 1.0 29.0 7.0 415.9 4484.47 101.57 494.93 64.71
258.0 0.0 1.0 29.0 7.0 443.01 4474.0 101.57 487.04 64.71
484.0 0.0 4.0 9.0 3.0 174.21 3555.43 47.53 635.04 48.57
484.0 0.0 4.0 9.0 3.0 165.54 3830.31 49.54 598.65 49.96
484.0 0.0 4.0 9.0 3.0 155.72 4220.0 50.1 569.62 52.02
484.0 0.0 4.0 9.0 3.0 145.49 4534.58 52.42 534.46 64.89
484.0 0.0 4.0 9.0 3.0 134.98 4720.63 57.28 516.92 64.89
484.0 0.0 4.0 9.0 3.0 125.84 4835.14 57.28 508.64 73.97
484.0 0.0 4.0 9.0 3.0 116.65 4958.95 52.42 502.52 79.61
484.0 0.0 4.0 9.0 3.0 131.2 5140.66 57.28 481.37 80.84
484.0 0.0 4.0 9.0 3.0 148.34 5161.99 80.72 481.25 77.25
484.0 0.0 4.0 9.0 3.0 167.81 5182.89 80.72 476.31 75.66
484.0 0.0 4.0 9.0 3.0 187.52 5237.86 80.72 478.95 73.98
484.0 0.0 4.0 9.0 3.0 205.12 5222.75 80.72 477.91 71.59
484.0 0.0 4.0 9.0 3.0 226.5 5235.2 80.72 476.01 69.94
484.0 0.0 4.0 9.0 3.0 222.35 5259.21 80.72 472.55 64.89
484.0 0.0 4.0 9.0 3.0 218.19 5237.56 80.72 471.26 64.89
595.0 0.0 4.0 25.0 6.0 286.3 2741.84 35.53 671.37 40.54
595.0 0.0 4.0 25.0 6.0 275.6 3038.83 42.82 671.28 41.72
595.0 0.0 4.0 25.0 6.0 267.4 3346.12 46.79 611.82 52.68
595.0 0.0 4.0 25.0 6.0 266.8 3702.88 57.81 584.19 57.61
595.0 0.0 4.0 25.0 6.0 263.8 3982.68 52.62 568.04 59.98
595.0 0.0 4.0 25.0 6.0 253.4 4196.89 57.81 513.46 59.97
595.0 0.0 4.0 25.0 6.0 240.6 4299.69 58.03 473.54 59.97
595.0 0.0 4.0 25.0 6.0 217.6 4372.16 58.07 468.19 58.3
595.0 0.0 4.0 25.0 6.0 195.9 4418.59 58.07 470.28 54.46
595.0 0.0 4.0 25.0 6.0 178.8 4459.78 58.07 474.72 59.96
595.0 0.0 4.0 25.0 6.0 163.8 4480.25 58.07 478.38 59.89
595.0 0.0 4.0 25.0 6.0 159.0 4465.86 58.07 471.47 59.89
595.0 0.0 4.0 25.0 6.0 159.1 4454.17 58.07 472.53 59.89
595.0 0.0 4.0 25.0 6.0 172.0 4457.44 58.07 474.57 59.89
595.0 0.0 4.0 25.0 6.0 188.0 4453.09 58.07 470.61 58.8
286.0 0.0 1.0 33.0 8.0 145.23 2649.77 44.93 400.14 44.93
286.0 0.0 1.0 33.0 8.0 142.27 2822.83 46.77 393.16 46.34
286.0 0.0 1.0 33.0 8.0 139.27 3095.87 46.86 376.64 47.08
286.0 0.0 1.0 33.0 8.0 142.83 3407.78 50.89 392.36 50.89
286.0 0.0 1.0 33.0 8.0 144.92 3696.06 51.06 387.54 51.06
286.0 0.0 1.0 33.0 8.0 143.19 3987.37 55.32 376.11 51.06
286.0 0.0 1.0 33.0 8.0 142.67 4169.35 57.43 378.71 94.05
286.0 0.0 1.0 33.0 8.0 146.35 4293.12 57.43 379.36 95.67
286.0 0.0 1.0 33.0 8.0 151.4 4362.22 58.16 383.45 94.05
286.0 0.0 1.0 33.0 8.0 150.08 4426.82 58.16 368.91 93.3
286.0 0.0 1.0 33.0 8.0 151.16 4474.93 58.16 355.44 91.06
286.0 0.0 1.0 33.0 8.0 150.66 4506.29 202.55 345.99 93.3
286.0 0.0 1.0 33.0 8.0 150.63 4508.35 202.55 354.66 91.06
286.0 0.0 1.0 33.0 8.0 150.93 4522.22 202.55 357.41 91.06
286.0 0.0 1.0 33.0 8.0 151.63 4533.14 202.53 359.35 89.32
444.0 0.0 6.0 3.0 1.0 709.8 3048.0 35.43 474.12 52.45
444.0 0.0 6.0 3.0 1.0 730.4 3047.06 35.43 456.64 52.45
444.0 0.0 6.0 3.0 1.0 752.5 3128.94 35.43 462.2 52.45
444.0 0.0 6.0 3.0 1.0 778.4 3185.16 35.43 445.51 52.45
444.0 0.0 6.0 3.0 1.0 803.7 3232.64 37.0 430.61 52.45
444.0 0.0 6.0 3.0 1.0 826.8 3277.31 37.0 434.02 52.45
444.0 0.0 6.0 3.0 1.0 850.4 3480.88 35.43 427.49 53.57
444.0 0.0 6.0 3.0 1.0 876.7 3735.5 50.75 414.22 53.57
444.0 0.0 6.0 3.0 1.0 903.6 3973.21 51.3 419.02 61.7
444.0 0.0 6.0 3.0 1.0 932.5 4199.82 77.03 446.39 69.63
444.0 0.0 6.0 3.0 1.0 957.6 4352.78 83.22 473.65 70.41
444.0 0.0 6.0 3.0 1.0 971.0 4499.29 84.78 484.62 70.73
444.0 0.0 6.0 3.0 1.0 982.5 4649.53 84.78 482.79 79.68
444.0 0.0 6.0 3.0 1.0 987.1 4796.49 84.78 479.37 79.68
444.0 0.0 6.0 3.0 1.0 990.7 4813.45 83.22 471.12 79.68
299.0 0.0 0.0 35.0 8.0 935.26 2609.99 44.41 406.97 35.94
299.0 0.0 0.0 35.0 8.0 864.7 2698.74 39.95 388.63 37.69
299.0 0.0 0.0 35.0 8.0 797.14 2985.03 45.46 377.4 45.46
299.0 0.0 0.0 35.0 8.0 772.13 3225.81 45.46 359.72 46.47
299.0 0.0 0.0 35.0 8.0 746.51 3566.22 46.47 375.41 46.63
299.0 0.0 0.0 35.0 8.0 720.45 3847.45 46.47 393.96 46.63
299.0 0.0 0.0 35.0 8.0 695.15 4085.21 46.86 408.14 46.63
299.0 0.0 0.0 35.0 8.0 670.89 4256.88 47.79 411.26 52.62
299.0 0.0 0.0 35.0 8.0 646.94 4362.42 47.79 415.63 52.62
299.0 0.0 0.0 35.0 8.0 644.31 4445.97 48.96 408.69 52.62
299.0 0.0 0.0 35.0 8.0 644.95 4509.47 80.13 410.96 100.74
299.0 0.0 0.0 35.0 8.0 645.45 4535.95 80.59 410.64 100.74
299.0 0.0 0.0 35.0 8.0 646.72 4551.7 80.59 413.24 100.74
299.0 0.0 0.0 35.0 8.0 648.35 4590.92 94.02 417.44 100.74
299.0 0.0 0.0 35.0 8.0 650.74 4576.53 94.11 411.84 100.74
491.0 0.0 4.0 10.0 3.0 1064.5 3341.09 37.45 463.68 36.05
491.0 0.0 4.0 10.0 3.0 1054.3 3613.33 37.45 508.35 69.63
491.0 0.0 4.0 10.0 3.0 1044.4 3970.79 47.99 483.68 71.46
491.0 0.0 4.0 10.0 3.0 1032.9 4274.95 54.37 485.34 71.62
491.0 0.0 4.0 10.0 3.0 1025.9 4496.09 56.08 478.46 71.62
491.0 0.0 4.0 10.0 3.0 1026.3 4562.97 56.08 467.58 72.03
491.0 0.0 4.0 10.0 3.0 1028.9 4659.84 56.08 470.03 89.97
491.0 0.0 4.0 10.0 3.0 1037.5 4789.22 56.65 450.93 71.62
491.0 0.0 4.0 10.0 3.0 1045.4 4804.63 56.65 458.97 71.62
491.0 0.0 4.0 10.0 3.0 1047.4 4835.6 56.82 453.49 71.46
491.0 0.0 4.0 10.0 3.0 1046.0 4835.21 56.77 461.81 71.62
491.0 0.0 4.0 10.0 3.0 1027.9 4835.34 56.78 457.65 72.03
491.0 0.0 4.0 10.0 3.0 1010.0 4858.27 57.02 460.77 72.1
491.0 0.0 4.0 10.0 3.0 991.3 4863.03 56.99 456.96 72.1
491.0 0.0 4.0 10.0 3.0 971.9 4847.52 57.11 455.24 72.03
243.0 0.0 0.0 27.0 7.0 108.0 2507.65 40.88 643.79 40.88
243.0 0.0 0.0 27.0 7.0 106.58 2744.34 40.88 660.9 43.29
243.0 0.0 0.0 27.0 7.0 105.33 3073.12 46.36 671.4 46.35
243.0 0.0 0.0 27.0 7.0 100.89 3431.19 47.4 635.56 46.35
243.0 0.0 0.0 27.0 7.0 96.51 3808.11 52.25 614.48 46.35
243.0 0.0 0.0 27.0 7.0 91.06 4118.8 57.68 589.25 51.16
243.0 0.0 0.0 27.0 7.0 84.71 4240.44 60.77 579.05 51.16
243.0 0.0 0.0 27.0 7.0 79.05 4344.94 79.14 574.44 92.51
243.0 0.0 0.0 27.0 7.0 74.97 4377.95 79.14 574.58 92.51
243.0 0.0 0.0 27.0 7.0 75.54 4424.87 79.15 581.86 92.79
243.0 0.0 0.0 27.0 7.0 76.95 4459.23 79.15 580.7 92.79
243.0 0.0 0.0 27.0 7.0 77.92 4498.44 90.91 577.97 92.79
243.0 0.0 0.0 27.0 7.0 79.33 4522.92 79.14 574.08 103.95
243.0 0.0 0.0 27.0 7.0 80.8 4565.22 81.29 557.94 132.19
243.0 0.0 0.0 27.0 7.0 82.39 4546.57 79.13 550.12 92.79
33.0 0.0 6.0 48.0 12.0 842.9 2916.6 26.79 446.87 27.86
33.0 0.0 6.0 48.0 12.0 817.6 2928.23 26.79 455.35 27.86
33.0 0.0 6.0 48.0 12.0 792.6 2990.1 40.06 438.98 41.39
33.0 0.0 6.0 48.0 12.0 762.5 3043.79 41.37 432.5 42.79
33.0 0.0 6.0 48.0 12.0 732.7 3054.82 41.37 442.8 42.79
33.0 0.0 6.0 48.0 12.0 704.3 3077.03 41.37 459.34 42.79
33.0 0.0 6.0 48.0 12.0 679.0 3309.32 41.45 500.61 44.3
33.0 0.0 6.0 48.0 12.0 660.1 3582.39 42.01 521.06 44.9
33.0 0.0 6.0 48.0 12.0 643.9 3828.83 43.29 526.26 44.9
33.0 0.0 6.0 48.0 12.0 635.5 4035.05 43.29 514.57 44.9
33.0 0.0 6.0 48.0 12.0 630.1 4199.15 43.7 503.95 45.72
33.0 0.0 6.0 48.0 12.0 632.8 4332.79 43.7 486.03 45.31
33.0 0.0 6.0 48.0 12.0 635.3 4469.87 43.7 467.92 45.31
33.0 0.0 6.0 48.0 12.0 642.9 4585.17 47.25 466.36 45.31
33.0 0.0 6.0 48.0 12.0 651.8 4585.76 47.25 479.15 45.31
576.0 0.0 6.0 22.0 6.0 25.35 2430.01 50.67 585.65 33.63
576.0 0.0 6.0 22.0 6.0 23.53 2484.8 50.67 572.66 33.63
576.0 0.0 6.0 22.0 6.0 20.94 2568.2 50.67 588.49 34.91
576.0 0.0 6.0 22.0 6.0 18.89 2726.15 50.67 608.39 46.61
576.0 0.0 6.0 22.0 6.0 19.11 2895.52 50.67 561.47 46.61
576.0 0.0 6.0 22.0 6.0 20.31 3089.98 50.67 533.5 46.61
576.0 0.0 6.0 22.0 6.0 22.52 3273.98 64.1 509.47 47.06
576.0 0.0 6.0 22.0 6.0 25.6 3405.68 64.1 485.11 47.06
576.0 0.0 6.0 22.0 6.0 30.23 3531.02 64.94 467.93 84.64
576.0 0.0 6.0 22.0 6.0 34.87 3640.99 71.1 447.87 84.64
576.0 0.0 6.0 22.0 6.0 40.12 3711.3 71.1 444.27 84.87
576.0 0.0 6.0 22.0 6.0 45.99 3828.2 73.83 443.65 100.71
576.0 0.0 6.0 22.0 6.0 52.67 3864.77 76.2 460.11 119.65
576.0 0.0 6.0 22.0 6.0 60.17 3876.82 76.48 467.48 123.78
576.0 0.0 6.0 22.0 6.0 69.24 3823.42 71.1 470.82 105.44
547.0 0.0 5.0 18.0 5.0 460.21 2734.69 44.0 580.68 30.83
547.0 0.0 5.0 18.0 5.0 460.7 2863.28 45.11 559.17 88.93
547.0 0.0 5.0 18.0 5.0 462.47 3011.02 45.11 546.0 91.63
547.0 0.0 5.0 18.0 5.0 510.52 3220.79 58.29 503.29 102.1
547.0 0.0 5.0 18.0 5.0 552.27 3434.25 45.11 518.68 102.1
547.0 0.0 5.0 18.0 5.0 598.63 3689.64 58.29 444.18 102.1
547.0 0.0 5.0 18.0 5.0 658.31 3877.25 67.35 431.13 102.1
547.0 0.0 5.0 18.0 5.0 721.31 3996.46 71.65 420.11 102.1
547.0 0.0 5.0 18.0 5.0 784.57 4068.46 69.94 401.93 102.1
547.0 0.0 5.0 18.0 5.0 810.04 4095.7 63.28 402.72 102.1
547.0 0.0 5.0 18.0 5.0 834.99 4120.78 70.92 403.4 102.1
547.0 0.0 5.0 18.0 5.0 858.93 4096.82 67.76 396.1 102.1
547.0 0.0 5.0 18.0 5.0 881.95 4084.89 62.31 392.6 91.63
547.0 0.0 5.0 18.0 5.0 903.62 4094.87 60.76 359.31 33.54
547.0 0.0 5.0 18.0 5.0 924.98 4051.88 64.0 345.57 33.54
589.0 0.0 5.0 24.0 6.0 429.78 2547.67 44.7 463.12 47.7
589.0 0.0 5.0 24.0 6.0 415.56 2676.16 44.7 444.0 47.7
589.0 0.0 5.0 24.0 6.0 400.62 2836.01 44.7 432.59 44.39
589.0 0.0 5.0 24.0 6.0 449.56 3044.52 44.7 419.72 49.72
589.0 0.0 5.0 24.0 6.0 506.35 3256.93 47.37 448.1 50.85
589.0 0.0 5.0 24.0 6.0 573.36 3474.55 67.06 423.78 64.28
589.0 0.0 5.0 24.0 6.0 647.89 3642.76 67.76 420.17 63.64
589.0 0.0 5.0 24.0 6.0 718.83 3807.68 104.74 396.53 61.17
589.0 0.0 5.0 24.0 6.0 779.32 3899.69 104.74 398.85 61.38
589.0 0.0 5.0 24.0 6.0 792.67 3933.75 104.74 393.11 63.38
589.0 0.0 5.0 24.0 6.0 814.76 3965.44 69.88 392.53 67.02
589.0 0.0 5.0 24.0 6.0 837.61 3991.05 68.57 381.65 61.34
589.0 0.0 5.0 24.0 6.0 857.96 4014.28 63.29 366.32 49.72
589.0 0.0 5.0 24.0 6.0 877.6 3996.61 60.3 358.67 49.72
589.0 0.0 5.0 24.0 6.0 896.78 3946.51 47.37 348.43 47.7
136.0 0.0 4.0 11.0 3.0 731.8 3235.34 44.98 513.97 45.08
136.0 0.0 4.0 11.0 3.0 683.2 3506.57 47.04 570.82 47.33
136.0 0.0 4.0 11.0 3.0 635.2 3808.89 47.33 587.94 47.81
136.0 0.0 4.0 11.0 3.0 589.1 4165.19 47.81 631.81 49.22
136.0 0.0 4.0 11.0 3.0 547.3 4423.75 47.81 602.38 49.22
136.0 0.0 4.0 11.0 3.0 515.9 4560.6 49.22 578.39 129.06
136.0 0.0 4.0 11.0 3.0 487.8 4641.6 49.22 558.73 188.97
136.0 0.0 4.0 11.0 3.0 471.5 4741.45 51.28 523.92 171.75
136.0 0.0 4.0 11.0 3.0 459.4 4785.38 51.28 523.49 102.74
136.0 0.0 4.0 11.0 3.0 455.8 4781.56 51.28 519.34 101.79
136.0 0.0 4.0 11.0 3.0 453.5 4817.77 51.28 525.17 91.95
136.0 0.0 4.0 11.0 3.0 457.2 4781.66 51.28 518.11 91.92
136.0 0.0 4.0 11.0 3.0 460.0 4804.2 51.28 520.42 96.71
136.0 0.0 4.0 11.0 3.0 461.4 4801.43 51.28 517.73 98.22
136.0 0.0 4.0 11.0 3.0 462.1 4784.92 51.28 513.48 91.92
479.0 0.0 6.0 8.0 2.0 74.42 3130.43 42.58 549.34 39.37
479.0 0.0 6.0 8.0 2.0 77.53 3174.7 42.58 560.78 43.81
479.0 0.0 6.0 8.0 2.0 81.28 3208.19 42.58 582.65 43.81
479.0 0.0 6.0 8.0 2.0 85.35 3213.93 42.58 590.22 39.37
479.0 0.0 6.0 8.0 2.0 89.63 3204.45 42.58 554.24 43.81
479.0 0.0 6.0 8.0 2.0 93.03 3283.64 42.58 556.84 46.3
479.0 0.0 6.0 8.0 2.0 91.02 3480.85 42.58 548.84 52.95
479.0 0.0 6.0 8.0 2.0 86.35 3697.9 55.14 545.6 53.57
479.0 0.0 6.0 8.0 2.0 84.36 3883.79 56.19 532.94 55.95
479.0 0.0 6.0 8.0 2.0 83.06 4020.01 58.48 520.17 56.29
479.0 0.0 6.0 8.0 2.0 82.29 4112.17 59.6 514.17 56.29
479.0 0.0 6.0 8.0 2.0 81.81 4204.59 59.6 510.23 58.69
479.0 0.0 6.0 8.0 2.0 79.4 4283.37 61.0 508.33 64.77
479.0 0.0 6.0 8.0 2.0 71.04 4420.24 65.24 511.73 64.77
479.0 0.0 6.0 8.0 2.0 63.46 4482.68 71.38 490.23 64.73
75.0 0.0 6.0 2.0 1.0 1034.2 3026.66 40.96 358.27 0.0
75.0 0.0 6.0 2.0 1.0 1019.3 3079.9 40.96 356.73 0.0
75.0 0.0 6.0 2.0 1.0 1002.1 3163.64 41.18 359.39 26.67
75.0 0.0 6.0 2.0 1.0 982.7 3221.41 41.18 348.57 26.67
75.0 0.0 6.0 2.0 1.0 962.9 3264.25 41.18 351.77 26.67
75.0 0.0 6.0 2.0 1.0 942.0 3275.92 41.18 379.27 28.97
75.0 0.0 6.0 2.0 1.0 920.5 3394.46 41.46 395.33 40.96
75.0 0.0 6.0 2.0 1.0 894.0 3579.47 41.85 426.49 42.35
75.0 0.0 6.0 2.0 1.0 866.8 3764.51 43.91 435.91 42.67
75.0 0.0 6.0 2.0 1.0 838.0 3936.31 43.91 454.01 43.91
75.0 0.0 6.0 2.0 1.0 809.6 4091.02 44.31 453.99 43.91
75.0 0.0 6.0 2.0 1.0 785.1 4253.88 44.31 455.39 44.31
75.0 0.0 6.0 2.0 1.0 762.4 4389.54 44.31 460.37 47.12
75.0 0.0 6.0 2.0 1.0 745.5 4512.81 53.29 459.82 49.67
75.0 0.0 6.0 2.0 1.0 729.8 4564.07 56.39 455.38 49.67
555.0 0.0 6.0 19.0 5.0 444.05 2516.34 40.44 364.31 65.79
555.0 0.0 6.0 19.0 5.0 474.17 2588.26 40.44 361.43 67.06
555.0 0.0 6.0 19.0 5.0 503.3 2701.04 41.36 345.09 67.06
555.0 0.0 6.0 19.0 5.0 552.65 2857.7 41.36 339.37 67.06
555.0 0.0 6.0 19.0 5.0 603.55 3029.55 57.8 327.05 67.06
555.0 0.0 6.0 19.0 5.0 657.18 3191.67 63.52 318.03 69.2
555.0 0.0 6.0 19.0 5.0 713.03 3351.75 65.21 303.11 69.2
555.0 0.0 6.0 19.0 5.0 770.22 3495.97 65.21 303.56 82.04
555.0 0.0 6.0 19.0 5.0 827.65 3607.62 65.21 314.6 82.04
555.0 0.0 6.0 19.0 5.0 884.17 3702.36 64.49 329.68 82.04
555.0 0.0 6.0 19.0 5.0 941.8 3775.33 64.27 312.42 82.04
555.0 0.0 6.0 19.0 5.0 998.18 3859.11 65.21 286.04 82.04
555.0 0.0 6.0 19.0 5.0 1051.99 3928.07 65.21 278.64 82.04
555.0 0.0 6.0 19.0 5.0 1104.74 3916.44 65.21 292.01 82.04
555.0 0.0 6.0 19.0 5.0 1154.92 3890.22 65.21 285.37 82.04
58.0 0.0 3.0 52.0 12.0 1178.3 2957.84 26.63 299.33 26.63
58.0 0.0 3.0 52.0 12.0 1182.9 3052.86 40.17 286.82 30.12
58.0 0.0 3.0 52.0 12.0 1185.0 3178.43 40.17 275.38 40.17
58.0 0.0 3.0 52.0 12.0 1183.9 3387.57 42.16 263.42 40.17
58.0 0.0 3.0 52.0 12.0 1182.5 3552.96 42.52 253.54 42.52
58.0 0.0 3.0 52.0 12.0 1179.1 3648.3 42.52 267.7 42.52
58.0 0.0 3.0 52.0 12.0 1176.5 3912.02 44.1 302.66 45.68
58.0 0.0 3.0 52.0 12.0 1174.2 4159.12 44.1 305.88 42.98
58.0 0.0 3.0 52.0 12.0 1172.0 4382.17 46.52 307.69 46.06
58.0 0.0 3.0 52.0 12.0 1172.5 4498.22 44.52 318.56 44.1
58.0 0.0 3.0 52.0 12.0 1172.3 4556.02 44.52 343.27 44.1
58.0 0.0 3.0 52.0 12.0 1172.4 4559.13 44.52 347.34 44.1
58.0 0.0 3.0 52.0 12.0 1171.4 4598.35 44.52 342.97 44.52
58.0 0.0 3.0 52.0 12.0 1167.1 4623.43 44.52 333.33 44.52
58.0 0.0 3.0 52.0 12.0 1163.7 4603.86 44.52 328.31 44.52
283.0 0.0 5.0 32.0 8.0 487.9 2374.82 58.41 445.23 43.36
283.0 0.0 5.0 32.0 8.0 496.97 2429.38 58.43 463.59 43.36
283.0 0.0 5.0 32.0 8.0 504.92 2583.3 63.79 426.43 43.36
283.0 0.0 5.0 32.0 8.0 510.24 2759.19 64.71 399.64 44.24
283.0 0.0 5.0 32.0 8.0 513.56 2981.25 64.79 378.49 45.4
283.0 0.0 5.0 32.0 8.0 517.59 3219.3 66.72 383.62 45.55
283.0 0.0 5.0 32.0 8.0 521.98 3449.24 66.76 393.52 45.55
283.0 0.0 5.0 32.0 8.0 535.3 3633.84 66.76 397.3 46.27
283.0 0.0 5.0 32.0 8.0 546.36 3743.5 66.76 386.2 80.21
283.0 0.0 5.0 32.0 8.0 550.09 3836.82 67.73 389.28 103.83
283.0 0.0 5.0 32.0 8.0 556.68 3877.68 67.77 382.61 101.83
283.0 0.0 5.0 32.0 8.0 566.41 3915.36 67.82 382.61 104.12
283.0 0.0 5.0 32.0 8.0 577.34 3942.79 67.83 373.3 80.21
283.0 0.0 5.0 32.0 8.0 590.36 3957.97 67.85 365.57 79.49
283.0 0.0 5.0 32.0 8.0 603.76 3920.01 67.74 354.61 79.49
250.0 0.0 0.0 28.0 7.0 272.5 2530.74 41.7 697.38 39.23
250.0 0.0 0.0 28.0 7.0 264.5 2743.01 41.7 712.88 39.23
250.0 0.0 0.0 28.0 7.0 257.3 3000.83 46.69 716.15 41.7
250.0 0.0 0.0 28.0 7.0 250.3 3345.88 48.85 687.73 48.66
250.0 0.0 0.0 28.0 7.0 243.7 3651.31 48.85 645.89 49.27
250.0 0.0 0.0 28.0 7.0 238.7 3942.98 48.85 607.68 77.22
250.0 0.0 0.0 28.0 7.0 233.9 4145.98 48.66 585.43 85.46
250.0 0.0 0.0 28.0 7.0 231.9 4281.77 48.85 568.52 106.73
250.0 0.0 0.0 28.0 7.0 230.7 4333.34 48.85 556.11 94.44
250.0 0.0 0.0 28.0 7.0 232.7 4388.09 106.65 549.33 81.89
250.0 0.0 0.0 28.0 7.0 236.0 4469.53 106.75 548.36 96.97
250.0 0.0 0.0 28.0 7.0 241.1 4505.14 106.75 543.82 102.87
250.0 0.0 0.0 28.0 7.0 246.3 4541.27 106.75 545.11 81.89
250.0 0.0 0.0 28.0 7.0 254.1 4596.9 106.75 550.07 85.33
250.0 0.0 0.0 28.0 7.0 262.0 4591.8 106.75 546.5 81.89
535.0 0.0 0.0 17.0 4.0 858.41 2984.2 38.19 417.71 50.52
535.0 0.0 0.0 17.0 4.0 913.34 3205.55 38.19 481.54 51.07
535.0 0.0 0.0 17.0 4.0 968.1 3538.21 38.2 446.86 67.43
535.0 0.0 0.0 17.0 4.0 964.74 3958.31 57.06 471.23 77.96
535.0 0.0 0.0 17.0 4.0 961.09 4268.46 57.56 474.88 89.61
535.0 0.0 0.0 17.0 4.0 956.95 4441.47 57.56 430.98 83.66
535.0 0.0 0.0 17.0 4.0 952.47 4555.71 61.16 402.56 73.69
535.0 0.0 0.0 17.0 4.0 946.63 4643.89 67.03 379.52 71.09
535.0 0.0 0.0 17.0 4.0 940.29 4664.95 68.18 354.77 71.09
535.0 0.0 0.0 17.0 4.0 959.55 4702.54 70.77 330.99 71.09
535.0 0.0 0.0 17.0 4.0 977.9 4710.61 68.33 337.51 71.09
535.0 0.0 0.0 17.0 4.0 1001.51 4708.5 73.19 322.94 69.76
535.0 0.0 0.0 17.0 4.0 1025.5 4745.11 73.15 307.5 65.01
535.0 0.0 0.0 17.0 4.0 1050.17 4781.4 73.13 306.84 68.52
535.0 0.0 0.0 17.0 4.0 1071.66 4758.1 73.1 301.97 69.47
474.0 0.0 1.0 8.0 2.0 393.1 3696.76 48.76 564.69 48.22
474.0 0.0 1.0 8.0 2.0 396.3 3980.07 50.88 571.21 48.55
474.0 0.0 1.0 8.0 2.0 400.8 4211.27 55.93 549.77 50.9
474.0 0.0 1.0 8.0 2.0 411.1 4527.42 61.48 496.49 69.18
474.0 0.0 1.0 8.0 2.0 423.7 4712.88 64.31 478.38 71.93
474.0 0.0 1.0 8.0 2.0 445.3 4826.02 66.7 469.86 71.93
474.0 0.0 1.0 8.0 2.0 466.0 4920.48 66.69 471.19 72.05
474.0 0.0 1.0 8.0 2.0 486.7 5058.25 69.24 460.32 72.05
474.0 0.0 1.0 8.0 2.0 503.1 5137.02 70.57 459.11 72.05
474.0 0.0 1.0 8.0 2.0 509.0 5161.56 70.75 469.49 72.05
474.0 0.0 1.0 8.0 2.0 512.8 5212.45 68.07 465.16 74.55
474.0 0.0 1.0 8.0 2.0 512.9 5257.08 68.72 463.75 72.05
474.0 0.0 1.0 8.0 2.0 512.4 5272.37 68.51 456.75 83.53
474.0 0.0 1.0 8.0 2.0 514.1 5324.87 70.31 459.95 83.0
474.0 0.0 1.0 8.0 2.0 514.9 5280.14 68.86 461.89 76.03
461.0 0.0 2.0 6.0 2.0 1431.3 3448.89 34.11 381.35 34.11
461.0 0.0 2.0 6.0 2.0 1400.3 3782.68 36.39 403.67 47.29
461.0 0.0 2.0 6.0 2.0 1368.8 4179.68 47.45 428.02 48.73
461.0 0.0 2.0 6.0 2.0 1338.2 4614.08 48.94 418.73 50.6
461.0 0.0 2.0 6.0 2.0 1307.4 4860.58 47.51 423.25 50.6
461.0 0.0 2.0 6.0 2.0 1279.5 4918.1 47.51 427.16 50.6
461.0 0.0 2.0 6.0 2.0 1252.2 5003.36 49.26 436.02 50.6
461.0 0.0 2.0 6.0 2.0 1225.7 5138.74 54.12 442.66 57.04
461.0 0.0 2.0 6.0 2.0 1201.3 5185.72 55.3 432.83 58.38
461.0 0.0 2.0 6.0 2.0 1186.2 5225.77 55.57 435.89 58.38
461.0 0.0 2.0 6.0 2.0 1170.3 5268.41 57.05 443.75 56.51
461.0 0.0 2.0 6.0 2.0 1156.2 5272.15 57.05 431.85 56.51
461.0 0.0 2.0 6.0 2.0 1140.3 5305.23 57.32 429.59 56.51
461.0 0.0 2.0 6.0 2.0 1122.0 5327.33 59.08 426.21 56.51
461.0 0.0 2.0 6.0 2.0 1100.8 5327.13 59.95 431.67 56.51
66.0 0.0 4.0 1.0 1.0 348.31 3400.49 42.64 502.85 40.55
66.0 0.0 4.0 1.0 1.0 383.14 3623.32 43.34 481.2 40.85
66.0 0.0 4.0 1.0 1.0 419.65 3950.3 45.46 484.0 42.84
66.0 0.0 4.0 1.0 1.0 454.93 4302.52 46.03 466.37 43.51
66.0 0.0 4.0 1.0 1.0 489.59 4495.97 47.57 449.96 45.27
66.0 0.0 4.0 1.0 1.0 534.58 4633.31 47.91 449.23 45.36
66.0 0.0 4.0 1.0 1.0 580.18 4845.06 50.27 438.89 45.78
66.0 0.0 4.0 1.0 1.0 625.4 5029.23 51.58 433.32 47.09
66.0 0.0 4.0 1.0 1.0 670.79 5118.6 51.58 437.44 47.09
66.0 0.0 4.0 1.0 1.0 716.93 5190.89 51.58 434.49 47.09
66.0 0.0 4.0 1.0 1.0 761.32 5250.88 51.58 432.32 47.09
66.0 0.0 4.0 1.0 1.0 838.82 5289.24 51.58 438.4 47.09
66.0 0.0 4.0 1.0 1.0 916.37 5331.2 51.56 440.47 47.09
66.0 0.0 4.0 1.0 1.0 990.52 5369.88 51.56 437.68 47.09
66.0 0.0 4.0 1.0 1.0 1059.67 5367.12 51.56 435.77 47.09
437.0 0.0 6.0 2.0 1.0 131.13 2860.8 35.07 567.95 41.62
437.0 0.0 6.0 2.0 1.0 127.78 2912.27 35.4 565.4 41.62
437.0 0.0 6.0 2.0 1.0 125.18 2959.38 35.4 557.25 41.62
437.0 0.0 6.0 2.0 1.0 123.98 3047.13 35.4 532.36 39.31
437.0 0.0 6.0 2.0 1.0 124.51 3117.49 41.01 539.47 40.86
437.0 0.0 6.0 2.0 1.0 126.34 3156.02 41.01 560.71 40.92
437.0 0.0 6.0 2.0 1.0 129.18 3346.42 41.01 562.92 54.43
437.0 0.0 6.0 2.0 1.0 132.41 3589.37 49.4 570.83 54.97
437.0 0.0 6.0 2.0 1.0 137.46 3828.44 50.24 598.88 55.27
437.0 0.0 6.0 2.0 1.0 143.27 3992.31 50.44 594.5 59.84
437.0 0.0 6.0 2.0 1.0 150.71 4148.2 52.89 578.18 61.87
437.0 0.0 6.0 2.0 1.0 158.57 4290.61 53.88 574.17 61.87
437.0 0.0 6.0 2.0 1.0 163.09 4430.01 60.29 550.19 61.87
437.0 0.0 6.0 2.0 1.0 180.02 4583.42 65.56 535.96 61.84
437.0 0.0 6.0 2.0 1.0 199.16 4643.7 65.0 531.47 61.83
288.0 0.0 3.0 33.0 8.0 1102.5 2672.09 45.18 342.11 43.57
288.0 0.0 3.0 33.0 8.0 1088.6 2847.82 46.25 383.72 45.18
288.0 0.0 3.0 33.0 8.0 1074.5 3130.62 50.9 382.34 46.74
288.0 0.0 3.0 33.0 8.0 1058.9 3458.98 50.9 387.63 46.74
288.0 0.0 3.0 33.0 8.0 1044.7 3760.59 46.8 361.66 46.5
288.0 0.0 3.0 33.0 8.0 1037.3 4049.42 47.1 368.66 46.74
288.0 0.0 3.0 33.0 8.0 1032.5 4240.3 47.1 362.62 46.74
288.0 0.0 3.0 33.0 8.0 1033.7 4378.75 49.62 358.76 48.79
288.0 0.0 3.0 33.0 8.0 1034.3 4452.32 82.41 350.98 49.25
288.0 0.0 3.0 33.0 8.0 1028.5 4488.53 82.41 351.37 57.87
288.0 0.0 3.0 33.0 8.0 1023.9 4516.49 82.41 353.16 57.88
288.0 0.0 3.0 33.0 8.0 1017.6 4545.04 84.47 354.84 57.88
288.0 0.0 3.0 33.0 8.0 1010.3 4554.15 84.93 354.62 60.39
288.0 0.0 3.0 33.0 8.0 997.7 4576.34 84.93 357.22 63.32
288.0 0.0 3.0 33.0 8.0 983.9 4572.32 86.64 362.26 60.39
375.0 0.0 0.0 46.0 11.0 720.12 3121.93 40.89 533.7 40.06
375.0 0.0 0.0 46.0 11.0 728.34 3476.6 40.89 576.79 48.65
375.0 0.0 0.0 46.0 11.0 736.63 3877.5 43.31 563.45 53.56
375.0 0.0 0.0 46.0 11.0 744.86 4191.41 53.44 553.85 58.8
375.0 0.0 0.0 46.0 11.0 753.13 4515.19 55.2 518.28 61.65
375.0 0.0 0.0 46.0 11.0 761.53 4643.27 55.2 521.18 62.42
375.0 0.0 0.0 46.0 11.0 770.34 4753.2 55.2 512.8 62.43
375.0 0.0 0.0 46.0 11.0 775.56 4910.83 58.87 500.66 62.43
375.0 0.0 0.0 46.0 11.0 780.5 4920.86 55.2 498.83 62.43
375.0 0.0 0.0 46.0 11.0 785.42 4945.02 55.2 491.51 62.43
375.0 0.0 0.0 46.0 11.0 790.42 4980.41 55.2 492.21 62.43
375.0 0.0 0.0 46.0 11.0 795.29 4961.88 55.2 503.92 62.43
375.0 0.0 0.0 46.0 11.0 800.03 4977.01 55.19 503.33 62.43
375.0 0.0 0.0 46.0 11.0 782.86 4992.51 55.19 503.18 62.43
375.0 0.0 0.0 46.0 11.0 765.56 4895.99 55.19 499.26 62.43
297.0 0.0 5.0 34.0 8.0 391.3 2453.54 43.68 477.46 41.08
297.0 0.0 5.0 34.0 8.0 396.0 2514.76 40.72 495.99 47.42
297.0 0.0 5.0 34.0 8.0 400.2 2647.65 43.68 492.42 47.42
297.0 0.0 5.0 34.0 8.0 404.1 2842.06 47.38 507.49 49.06
297.0 0.0 5.0 34.0 8.0 407.8 3087.6 48.7 475.55 50.84
297.0 0.0 5.0 34.0 8.0 412.7 3313.96 50.11 480.03 52.1
297.0 0.0 5.0 34.0 8.0 416.8 3560.37 52.98 489.27 54.52
297.0 0.0 5.0 34.0 8.0 419.7 3742.1 55.13 482.12 56.37
297.0 0.0 5.0 34.0 8.0 422.3 3847.93 55.13 467.94 71.4
297.0 0.0 5.0 34.0 8.0 425.7 3922.99 55.13 461.53 71.4
297.0 0.0 5.0 34.0 8.0 428.6 3955.82 55.57 457.61 71.4
297.0 0.0 5.0 34.0 8.0 431.9 3960.53 55.13 448.65 71.4
297.0 0.0 5.0 34.0 8.0 434.8 3992.41 55.47 432.7 71.4
297.0 0.0 5.0 34.0 8.0 435.4 4000.1 55.3 434.85 71.36
297.0 0.0 5.0 34.0 8.0 435.9 3974.03 55.13 435.05 55.36
588.0 0.0 4.0 24.0 6.0 531.37 2766.24 48.76 463.57 51.33
588.0 0.0 4.0 24.0 6.0 544.12 3023.46 57.92 466.91 52.62
588.0 0.0 4.0 24.0 6.0 555.93 3332.13 57.92 510.81 63.79
588.0 0.0 4.0 24.0 6.0 632.91 3673.6 68.57 507.78 72.94
588.0 0.0 4.0 24.0 6.0 709.5 3951.63 57.92 474.49 91.78
588.0 0.0 4.0 24.0 6.0 784.61 4214.48 68.57 445.47 80.2
588.0 0.0 4.0 24.0 6.0 855.83 4319.73 69.15 431.51 74.61
588.0 0.0 4.0 24.0 6.0 922.79 4405.47 70.93 415.16 73.18
588.0 0.0 4.0 24.0 6.0 982.43 4428.94 69.31 396.15 71.24
588.0 0.0 4.0 24.0 6.0 1045.86 4415.9 62.89 377.15 65.78
588.0 0.0 4.0 24.0 6.0 1102.61 4421.77 60.62 385.11 65.78
588.0 0.0 4.0 24.0 6.0 1154.51 4445.95 60.37 370.61 65.78
588.0 0.0 4.0 24.0 6.0 1198.86 4437.55 57.8 360.04 65.78
588.0 0.0 4.0 24.0 6.0 1236.08 4456.62 57.9 368.2 65.78
588.0 0.0 4.0 24.0 6.0 1267.56 4447.0 57.48 337.75 63.79
157.0 1.0 5.0 14.0 4.0 401.4 2693.91 49.6 495.33 51.93
157.0 1.0 5.0 14.0 4.0 403.8 2793.63 49.02 494.57 51.78
157.0 1.0 5.0 14.0 4.0 402.5 2909.94 50.31 512.93 52.92
157.0 1.0 5.0 14.0 4.0 393.7 3078.35 50.31 550.03 54.74
157.0 1.0 5.0 14.0 4.0 384.0 3294.65 50.84 527.06 55.86
157.0 1.0 5.0 14.0 4.0 365.7 3565.16 53.68 517.47 56.72
157.0 1.0 5.0 14.0 4.0 352.0 3774.16 53.77 535.1 59.85
157.0 1.0 5.0 14.0 4.0 347.0 3893.85 54.07 562.08 59.85
157.0 1.0 5.0 14.0 4.0 341.3 4010.29 57.46 559.39 62.76
157.0 1.0 5.0 14.0 4.0 338.4 4073.94 59.57 557.99 64.66
157.0 1.0 5.0 14.0 4.0 334.7 4079.57 56.61 555.31 63.3
157.0 1.0 5.0 14.0 4.0 325.8 4105.69 57.24 547.46 62.8
157.0 1.0 5.0 14.0 4.0 316.3 4132.48 87.81 547.22 63.25
157.0 1.0 5.0 14.0 4.0 303.5 4128.49 119.5 546.88 62.38
157.0 1.0 5.0 14.0 4.0 290.7 4096.35 55.35 543.8 59.85
343.0 0.0 2.0 41.0 10.0 108.88 3132.55 38.98 571.92 39.93
343.0 0.0 2.0 41.0 10.0 115.83 3428.06 48.38 544.33 50.48
343.0 0.0 2.0 41.0 10.0 123.18 3833.99 50.8 522.16 51.9
343.0 0.0 2.0 41.0 10.0 125.59 4234.17 54.8 501.16 62.63
343.0 0.0 2.0 41.0 10.0 128.15 4463.81 52.45 479.96 74.97
343.0 0.0 2.0 41.0 10.0 130.58 4566.17 97.8 461.25 75.75
343.0 0.0 2.0 41.0 10.0 132.57 4632.02 97.8 461.11 76.93
343.0 0.0 2.0 41.0 10.0 132.25 4662.74 97.8 460.95 100.49
343.0 0.0 2.0 41.0 10.0 128.77 4665.45 97.8 460.8 99.21
343.0 0.0 2.0 41.0 10.0 136.12 4653.73 97.8 461.7 98.82
343.0 0.0 2.0 41.0 10.0 144.49 4673.14 97.8 470.81 98.7
343.0 0.0 2.0 41.0 10.0 153.93 4675.73 97.8 469.93 96.58
343.0 0.0 2.0 41.0 10.0 164.49 4684.25 97.8 465.27 89.86
343.0 0.0 2.0 41.0 10.0 175.37 4706.31 97.8 458.95 89.86
343.0 0.0 2.0 41.0 10.0 186.31 4673.84 97.8 455.11 89.86
253.0 0.0 3.0 28.0 7.0 81.42 2540.51 50.35 665.57 41.5
253.0 0.0 3.0 28.0 7.0 107.76 2736.13 50.35 657.1 41.5
253.0 0.0 3.0 28.0 7.0 136.18 2984.0 50.35 614.37 45.48
253.0 0.0 3.0 28.0 7.0 160.47 3303.23 54.75 597.09 47.59
253.0 0.0 3.0 28.0 7.0 188.24 3569.2 54.75 563.88 47.6
253.0 0.0 3.0 28.0 7.0 220.51 3829.91 56.44 523.24 47.82
253.0 0.0 3.0 28.0 7.0 258.18 4007.04 56.44 516.58 47.82
253.0 0.0 3.0 28.0 7.0 300.83 4114.96 59.82 506.03 50.25
253.0 0.0 3.0 28.0 7.0 350.23 4170.74 61.95 511.02 50.25
253.0 0.0 3.0 28.0 7.0 326.28 4229.17 63.97 522.59 55.54
253.0 0.0 3.0 28.0 7.0 305.92 4260.22 65.9 529.97 56.88
253.0 0.0 3.0 28.0 7.0 289.69 4281.68 67.42 529.55 57.29
253.0 0.0 3.0 28.0 7.0 277.86 4326.2 76.72 531.46 108.16
253.0 0.0 3.0 28.0 7.0 270.41 4350.54 76.72 542.5 109.68
253.0 0.0 3.0 28.0 7.0 266.7 4332.8 76.67 555.65 109.3
549.0 1.0 0.0 19.0 5.0 374.1 2547.38 31.47 504.97 47.83
549.0 1.0 0.0 19.0 5.0 369.4 2576.61 31.47 508.9 47.83
549.0 1.0 0.0 19.0 5.0 363.1 2675.14 33.45 512.29 46.97
549.0 1.0 0.0 19.0 5.0 355.6 2788.77 33.45 523.1 47.83
549.0 1.0 0.0 19.0 5.0 348.5 2958.48 33.45 533.44 48.21
549.0 1.0 0.0 19.0 5.0 345.9 3145.69 33.45 467.89 47.83
549.0 1.0 0.0 19.0 5.0 345.2 3315.97 47.83 416.01 48.33
549.0 1.0 0.0 19.0 5.0 350.7 3478.74 47.83 423.76 74.22
549.0 1.0 0.0 19.0 5.0 355.2 3637.57 47.83 422.39 74.81
549.0 1.0 0.0 19.0 5.0 357.1 3802.62 47.83 429.55 74.81
549.0 1.0 0.0 19.0 5.0 358.8 3941.05 47.83 419.99 92.4
549.0 1.0 0.0 19.0 5.0 359.1 4025.13 48.21 417.71 94.89
549.0 1.0 0.0 19.0 5.0 360.9 4084.33 90.69 425.33 94.89
549.0 1.0 0.0 19.0 5.0 365.8 4140.75 90.69 427.69 94.89
549.0 1.0 0.0 19.0 5.0 369.6 4143.08 90.69 422.03 74.6
93.0 0.0 3.0 5.0 2.0 330.4 3440.41 44.46 528.03 42.81
93.0 0.0 3.0 5.0 2.0 343.1 3714.57 44.46 542.74 42.81
93.0 0.0 3.0 5.0 2.0 358.3 4128.49 46.49 554.0 45.5
93.0 0.0 3.0 5.0 2.0 375.2 4642.94 49.33 549.14 46.99
93.0 0.0 3.0 5.0 2.0 393.2 4948.77 52.5 529.12 46.99
93.0 0.0 3.0 5.0 2.0 409.5 4960.83 52.5 530.68 46.99
93.0 0.0 3.0 5.0 2.0 424.3 4982.95 52.5 528.73 48.29
93.0 0.0 3.0 5.0 2.0 435.4 5134.73 52.5 511.41 49.33
93.0 0.0 3.0 5.0 2.0 443.7 5175.72 52.5 511.14 49.33
93.0 0.0 3.0 5.0 2.0 447.1 5205.03 52.5 505.56 49.33
93.0 0.0 3.0 5.0 2.0 453.8 5178.53 50.9 510.4 49.33
93.0 0.0 3.0 5.0 2.0 469.0 5169.35 50.9 503.78 49.33
93.0 0.0 3.0 5.0 2.0 481.1 5143.62 50.9 507.47 49.33
93.0 0.0 3.0 5.0 2.0 484.5 5177.41 50.9 504.59 48.29
93.0 0.0 3.0 5.0 2.0 485.9 5158.52 50.9 498.79 48.29
169.0 0.0 3.0 16.0 4.0 461.77 3033.56 47.84 563.46 46.07
169.0 0.0 3.0 16.0 4.0 418.27 3246.9 47.84 589.11 47.83
169.0 0.0 3.0 16.0 4.0 377.07 3539.48 48.33 610.81 49.14
169.0 0.0 3.0 16.0 4.0 399.5 4099.93 60.73 626.65 60.73
169.0 0.0 3.0 16.0 4.0 422.17 4404.75 82.13 617.66 94.36
169.0 0.0 3.0 16.0 4.0 445.32 4580.06 89.96 602.26 99.85
169.0 0.0 3.0 16.0 4.0 466.97 4614.6 83.28 589.65 93.06
169.0 0.0 3.0 16.0 4.0 490.13 4669.19 91.01 584.7 105.18
169.0 0.0 3.0 16.0 4.0 521.31 4618.49 82.28 580.34 92.68
169.0 0.0 3.0 16.0 4.0 533.92 4666.68 86.85 571.12 89.51
169.0 0.0 3.0 16.0 4.0 545.93 4676.91 87.11 571.23 89.51
169.0 0.0 3.0 16.0 4.0 557.64 4663.12 84.75 559.16 89.51
169.0 0.0 3.0 16.0 4.0 568.71 4682.62 86.49 562.13 89.51
169.0 0.0 3.0 16.0 4.0 579.0 4694.8 87.89 558.53 89.51
169.0 0.0 3.0 16.0 4.0 401.57 4661.28 82.28 551.99 88.38
86.0 0.0 3.0 4.0 1.0 789.2 3392.05 40.95 467.11 40.59
86.0 0.0 3.0 4.0 1.0 786.9 3663.14 41.31 463.3 40.95
86.0 0.0 3.0 4.0 1.0 785.3 4050.41 41.55 522.9 43.1
86.0 0.0 3.0 4.0 1.0 790.5 4530.65 43.48 520.55 45.38
86.0 0.0 3.0 4.0 1.0 795.8 4806.47 45.81 558.66 44.25
86.0 0.0 3.0 4.0 1.0 807.1 4820.59 44.25 556.7 44.25
86.0 0.0 3.0 4.0 1.0 821.3 4835.62 44.25 567.71 111.53
86.0 0.0 3.0 4.0 1.0 847.9 4934.9 45.81 567.02 125.56
86.0 0.0 3.0 4.0 1.0 872.6 4984.69 45.81 559.13 111.53
86.0 0.0 3.0 4.0 1.0 896.8 4986.9 45.81 556.77 111.53
86.0 0.0 3.0 4.0 1.0 922.0 4987.4 45.38 559.71 143.4
86.0 0.0 3.0 4.0 1.0 949.2 4991.04 44.25 562.06 111.53
86.0 0.0 3.0 4.0 1.0 970.5 5005.9 44.25 544.4 111.1
86.0 0.0 3.0 4.0 1.0 975.1 5060.66 44.25 547.97 111.53
86.0 0.0 3.0 4.0 1.0 976.5 5062.86 44.25 543.1 44.25
590.0 0.0 6.0 24.0 6.0 42.86 2371.52 30.83 682.57 32.33
590.0 0.0 6.0 24.0 6.0 32.95 2446.97 30.83 675.58 32.33
590.0 0.0 6.0 24.0 6.0 24.08 2562.25 32.33 714.16 32.33
590.0 0.0 6.0 24.0 6.0 26.63 2697.61 32.33 658.02 32.33
590.0 0.0 6.0 24.0 6.0 32.25 2863.53 41.0 625.69 43.48
590.0 0.0 6.0 24.0 6.0 40.87 3076.47 41.11 589.58 43.48
590.0 0.0 6.0 24.0 6.0 52.25 3253.87 43.48 553.01 43.48
590.0 0.0 6.0 24.0 6.0 65.71 3374.45 79.74 521.28 83.26
590.0 0.0 6.0 24.0 6.0 79.57 3497.07 79.74 517.36 88.42
590.0 0.0 6.0 24.0 6.0 106.45 3642.05 80.31 495.04 93.82
590.0 0.0 6.0 24.0 6.0 139.25 3715.44 87.76 479.47 92.75
590.0 0.0 6.0 24.0 6.0 177.92 3803.26 101.77 472.96 95.44
590.0 0.0 6.0 24.0 6.0 223.1 3864.3 110.38 477.18 103.99
590.0 0.0 6.0 24.0 6.0 273.47 3872.67 108.35 461.09 106.88
590.0 0.0 6.0 24.0 6.0 329.17 3848.34 99.54 458.33 95.9
289.0 0.0 4.0 33.0 8.0 236.5 2679.29 43.98 517.82 44.38
289.0 0.0 4.0 33.0 8.0 224.8 2852.98 45.36 519.94 44.89
289.0 0.0 4.0 33.0 8.0 215.4 3152.61 45.36 507.05 45.19
289.0 0.0 4.0 33.0 8.0 210.8 3474.37 45.5 465.93 50.41
289.0 0.0 4.0 33.0 8.0 207.5 3784.69 49.99 434.45 55.47
289.0 0.0 4.0 33.0 8.0 210.3 4055.34 60.01 410.96 57.0
289.0 0.0 4.0 33.0 8.0 214.8 4244.08 62.78 403.23 61.17
289.0 0.0 4.0 33.0 8.0 227.6 4386.5 71.08 390.05 100.83
289.0 0.0 4.0 33.0 8.0 243.6 4446.54 85.55 394.32 100.83
289.0 0.0 4.0 33.0 8.0 266.9 4461.11 85.55 412.14 100.83
289.0 0.0 4.0 33.0 8.0 293.3 4482.3 85.55 407.72 100.82
289.0 0.0 4.0 33.0 8.0 326.2 4489.78 85.55 397.31 100.82
289.0 0.0 4.0 33.0 8.0 357.6 4507.53 85.03 393.66 73.34
289.0 0.0 4.0 33.0 8.0 383.0 4513.62 85.03 391.16 73.34
289.0 0.0 4.0 33.0 8.0 408.4 4490.83 85.03 388.63 73.34
193.0 0.0 6.0 19.0 5.0 476.57 2503.4 47.07 430.57 42.04
193.0 0.0 6.0 19.0 5.0 500.43 2509.4 47.07 425.34 41.65
193.0 0.0 6.0 19.0 5.0 523.11 2595.89 47.07 417.14 41.65
193.0 0.0 6.0 19.0 5.0 611.42 2710.35 47.07 404.87 42.04
193.0 0.0 6.0 19.0 5.0 703.78 2876.6 42.04 401.74 42.04
193.0 0.0 6.0 19.0 5.0 792.62 3067.02 47.07 371.3 42.04
193.0 0.0 6.0 19.0 5.0 876.63 3227.57 47.07 330.54 42.04
193.0 0.0 6.0 19.0 5.0 954.53 3398.39 47.07 338.0 42.04
193.0 0.0 6.0 19.0 5.0 1028.73 3573.45 85.01 329.69 42.04
193.0 0.0 6.0 19.0 5.0 1074.99 3670.97 85.01 327.35 42.04
193.0 0.0 6.0 19.0 5.0 1116.59 3739.84 85.01 318.05 42.04
193.0 0.0 6.0 19.0 5.0 1154.04 3832.58 85.01 312.31 178.3
193.0 0.0 6.0 19.0 5.0 1187.13 3962.8 85.06 314.65 178.3
193.0 0.0 6.0 19.0 5.0 1216.23 4033.81 90.31 313.16 178.3
193.0 0.0 6.0 19.0 5.0 1241.72 4042.22 85.06 309.82 178.3
263.0 0.0 6.0 29.0 7.0 884.3 2276.86 48.08 463.67 30.23
263.0 0.0 6.0 29.0 7.0 891.1 2334.94 48.08 469.32 38.42
263.0 0.0 6.0 29.0 7.0 897.8 2413.66 48.08 456.84 38.42
263.0 0.0 6.0 29.0 7.0 904.0 2540.97 48.08 431.54 38.42
263.0 0.0 6.0 29.0 7.0 911.0 2703.79 48.08 405.36 33.96
263.0 0.0 6.0 29.0 7.0 920.8 2889.69 48.44 386.36 43.6
263.0 0.0 6.0 29.0 7.0 932.1 3062.03 48.44 359.03 43.6
263.0 0.0 6.0 29.0 7.0 948.3 3279.3 50.71 351.76 43.6
263.0 0.0 6.0 29.0 7.0 965.5 3410.17 56.32 343.14 71.74
263.0 0.0 6.0 29.0 7.0 990.2 3548.36 56.67 335.2 71.74
263.0 0.0 6.0 29.0 7.0 1014.5 3646.85 56.67 334.59 75.3
263.0 0.0 6.0 29.0 7.0 1039.1 3728.56 59.28 339.8 87.35
263.0 0.0 6.0 29.0 7.0 1061.7 3826.93 63.74 355.56 99.44
263.0 0.0 6.0 29.0 7.0 1081.7 3929.66 77.03 354.89 97.33
263.0 0.0 6.0 29.0 7.0 1099.9 3921.43 77.0 337.48 91.46
