0 43.88 36574.1
0 43.88 37366.7
0 47.23 38200.7
0 53.94 39968
0 56.77 41226.2
0 56.77 41225.6
0 57.2 41370
0 57.2 41595.1
0 57.2 41878.2
0 57.2 42166
0 57.2 41971.3
0 57.45 42072.9
0 66.41 42485.3
0 66.41 42398.8
0 57.2 42354.3
1 87.34 37088.2
1 94.92 37980.8
1 105.85 37825.3
1 107.86 37841
1 130.37 37201.9
1 124.94 37560.7
1 125.01 38592.5
1 124.64 39403.6
1 121.34 39776.5
1 104.87 40370.4
1 93.06 40864.3
1 93.06 40949.9
1 93.06 41162.6
1 107.4 41143.9
1 105.97 40878.4
2 41.47 35047.3
2 41.47 36799.4
2 43 39500.5
2 43.72 42472.8
2 44.02 43583.8
2 45.74 44165.4
2 45.74 44471.8
2 45.74 44476.6
2 45.74 44787.4
2 45.74 44901.2
2 45.74 45070.6
2 46.54 45251
2 46.54 45514.8
2 46.54 45519.2
2 45.74 45291.9
3 42.41 31638.6
3 44.1 32972.8
3 44.52 35167.4
3 46.13 35022.8
3 46.13 36583.6
3 44.52 37404.4
3 44.52 38111.3
3 44.52 39828.2
3 44.1 40786
3 44.1 41788.1
3 44.1 42297.2
3 44.1 42392
3 44.52 42972.1
3 44.52 43643.7
3 44.1 43618.5
4 43.01 33162.1
4 43.01 36119.3
4 49.27 38865
4 54.6 41550.6
4 54.6 42518.4
4 54.6 43217.9
4 55.61 43532.5
4 61.44 44561.8
4 55.61 44930.2
4 55.61 45043.7
4 55.61 45058.7
4 55.61 45208.7
4 55.61 44927.1
4 55.61 44741.1
4 55.61 44276.2
5 42.92 31918.8
5 42.99 33990.4
5 44.96 37038.7
5 47.12 38576
5 47.66 40296.4
5 47.66 41078.3
5 62.24 42193.1
5 64.37 42919.9
5 64.37 42970.4
5 64.37 43182.7
5 64.37 43413.8
5 64.37 43444.7
5 64.37 44138.6
5 65.36 43828.9
5 64.37 43770.2
6 43.71 33275
6 44.19 33577.4
6 54.03 33943.2
6 54.03 33844.8
6 54.03 34193.1
6 54.03 34563.2
6 54.8 36102.2
6 56.21 37420.3
6 59.08 38805.2
6 66.29 39376.6
6 66.29 39963.7
6 66.29 40444.7
6 66.29 41366.8
6 57.77 42076.1
6 56.93 42349
7 43.45 40549.8
7 49.74 42098.6
7 52.88 43824.6
7 55.14 45663.6
7 55.14 45891.2
7 55.14 45958.6
7 58.13 46116.4
7 58.13 46666
7 58.13 46850.1
7 58.13 46761.1
7 58.13 46904
7 58.13 46834.7
7 59.85 46567.9
7 116.74 46597
7 114.3 46359.2
8 38.12 34285.7
8 38.12 35619.5
8 41.91 36629.6
8 44.89 38257.7
8 46.37 38518.5
8 48.98 37288.2
8 50.51 37109
8 53.63 37477.1
8 53.63 38420.6
8 53.63 38849.7
8 53.63 39619.9
8 57.91 40258.2
8 192.51 40853.7
8 192.51 41457.7
8 192.51 41629.2
9 50.94 32612
9 50.94 35563
9 61.92 37044.9
9 61.92 38488.8
9 61.92 39271.1
9 66.49 39133
9 73.69 39630.3
9 75.01 39732
9 77.68 39814
9 77.68 39663.4
9 77.68 39450.3
9 77.68 39401.9
9 77.68 39381
9 77.68 39611.9
9 77.68 39367.6
10 28.01 28475
10 28.01 28341.2
10 42.78 29901
10 42.78 31901.9
10 39.42 32807.7
10 39.42 32661.6
10 43.27 32295.4
10 44.77 33667.1
10 45.74 34913.3
10 46.08 36212.4
10 56.34 36609.3
10 59.14 37303.1
10 68.82 37417.5
10 108.72 37632
10 109.37 37572.2
11 42.21 30676.6
11 42.78 31603.7
11 43.27 32830.5
11 44.77 34247.3
11 69.4 34717.4
11 71.4 34270.5
11 86.86 34220.5
11 82.38 34166.2
11 85.53 34543.6
11 87.94 34672.9
11 92.43 34963
11 96.46 35122.3
11 101.38 35264.6
11 100.61 35380.7
11 87.94 35096.3
12 33.36 28687
12 38.2 29902.8
12 38.2 30945
12 38.2 31263.6
12 39.16 31666.4
12 39.16 31770.2
12 38.2 31697.5
12 38.2 32619
12 47.64 33903.8
12 43.02 34939.2
12 43.98 35252.7
12 52.46 35583.8
12 52.46 35980.9
12 52.46 37070.1
12 52.46 36382.9
13 42.37 33940.2
13 42.98 35145.4
13 47.42 37153.8
13 49.69 37823.8
13 60.24 38770.3
13 60.93 39425.7
13 63.51 39833
13 67.54 39960.5
13 68.67 39910.2
13 78.12 40124.9
13 78.12 40215.3
13 78.12 40362.4
13 78.12 40405.2
13 78.12 40696.5
13 78.12 40502.4
14 44.61 31623.5
14 42.15 32675.1
14 42.15 33787.4
14 42.15 33794.5
14 42.15 33837.6
14 42.3 34957.3
14 44.77 37148.2
14 45.11 38967.2
14 45.11 41375.8
14 46.68 41034.6
14 45.11 40435.1
14 45.11 40461.9
14 45.11 40619.5
14 45.35 40786.8
14 45.11 41345.4
15 28.2 30562.2
15 42.66 32182.7
15 57.26 34718.6
15 55.89 38085.7
15 53.86 39641.7
15 53.36 40235.5
15 53.36 40286.6
15 53.36 40947.8
15 53.36 41217
15 53.36 41368
15 53.36 41628
15 53.86 41963.8
15 56.54 41935.6
15 58.57 41933.1
15 58.38 41896.8
16 40.99 35586.1
16 40.99 38287.1
16 44.09 40702.7
16 56.78 42368.5
16 61.32 43344.5
16 59.52 43192
16 63.29 43376.8
16 64.89 43383.6
16 64.89 43579.8
16 64.89 43651.5
16 60.81 43865
16 61 43918.6
16 61.39 43220.3
16 61.42 43022.3
16 59.44 43911.7
17 43.73 34763.2
17 44.02 36773.2
17 46.1 38802.3
17 49.57 40837.4
17 49.57 41739.1
17 52.33 41926.7
17 54.45 42600.6
17 54.45 43773.5
17 54.45 43672.6
17 54.45 43663.4
17 54.45 43828
17 54.45 43694.5
17 54.45 43571
17 54.45 43709.2
17 54.45 43486.7
18 40.78 31907.6
18 41.23 32501.4
18 42.51 34100.2
18 42.51 36086.4
18 42.98 36575.8
18 42.98 37490.7
18 51.51 38658.3
18 48.49 39768.2
18 48.49 40036.4
18 97.21 40562.8
18 93.93 40834.5
18 93.5 42048.2
18 93.5 42259.9
18 93.5 42004.9
18 93.5 42371.1
19 32.06 27194.4
19 39.42 29250.2
19 49.55 31212.5
19 49.55 33951.3
19 48.33 36364.1
19 49.55 37228.9
19 49.55 38111.8
19 50.34 39022.9
19 49.55 38932.5
19 50.34 39181.8
19 50.34 38875.3
19 49.55 39238.4
19 48.33 38763.9
19 48.33 38283.2
19 40.27 37788.3
20 51.98 39719
20 107.28 41304.2
20 109.54 43156.4
20 110.96 43891
20 110.96 44937.5
20 110.93 44822.1
20 110.93 45181.4
20 110.95 45734.5
20 110.95 45643.3
20 110.95 45507.4
20 110.95 45482
20 110.95 45441.4
20 56.76 45404
20 56.76 45153.6
20 56.76 45053.3
21 33.71 27971
21 32.99 28139.8
21 32.99 28041.9
21 33.82 28790.5
21 33.82 29183.8
21 34.36 30165
21 34.36 30774.3
21 34.36 31491.8
21 64.08 32917.5
21 64.08 34095
21 78.03 34539.6
21 78.03 35313.1
21 78.03 35981.1
21 79.64 36742.7
21 80.58 36800.6
22 48.54 32464.4
22 48.54 32440.1
22 48.54 32685
22 48.54 32878.8
22 50.45 33435.8
22 61.13 33681.7
22 69.3 35334
22 74.3 37153.9
22 76.6 37781.1
22 76.6 37937.2
22 76.6 37698.5
22 76.6 37829.3
22 76.6 38284
22 76.6 38869.4
22 76.6 39056
23 44.98 29834.8
23 44.98 30626.9
23 46.58 32268.9
23 45.9 33444.4
23 46.58 34285.8
23 46.58 35542.7
23 58.1 37450.6
23 60.64 38088.5
23 60.64 39317.6
23 60.64 40176.4
23 60.64 40444.2
23 60.64 40559
23 60.64 41044.6
23 60.64 40825.3
23 60.64 40237.1
24 38.12 35024.8
24 43.22 37454.2
24 45.34 39376.8
24 64.34 40950.8
24 68.49 41626.6
24 71.19 42040.7
24 81.21 42183.1
24 75.32 42363.8
24 87.42 42631.4
24 77.88 42536.5
24 87.97 42350.7
24 87.97 42536.9
24 87.97 42567.7
24 87.97 42726.7
24 87.97 42377
25 29.95 31475.4
25 42.8 32052.3
25 44.3 34242.2
25 44.3 37609.9
25 50.6 39605.5
25 48.8 40365.1
25 50.65 41648.8
25 53.28 42492.1
25 53.9 42863.6
25 54.36 42923.5
25 55.74 43069.6
25 56.76 43216.9
25 57.54 43247.9
25 58.18 43339.8
25 56.39 43288.4
26 45.17 31843.5
26 45.17 34799.2
26 45.8 37242.6
26 47.52 40178
26 47.52 42144.5
26 46.93 41840.3
26 47.52 42233.1
26 47.52 42548.7
26 47.52 42767.3
26 47.52 42727.8
26 47.52 42689.8
26 47.52 43012.9
26 47.52 43055.6
26 53.52 43549.8
26 53.87 43340.2
27 32.13 32081.6
27 33.89 34368.5
27 48.86 36855.5
27 48.86 38558.9
27 49.71 39967
27 49.71 40403.5
27 49.71 40791.4
27 49.71 41200.7
27 49.71 41077
27 49.71 41173.8
27 49.71 41135.8
27 49.71 41306.6
27 207.29 41717.5
27 207.29 41666
27 207.29 41685.9
28 29.64 28561.9
28 29.64 28981.6
28 29.64 29374.5
28 29.64 29504.2
28 29.64 30959.3
28 39.42 30641.3
28 48.02 31770.9
28 49.52 33543.8
28 49.52 35833.5
28 49.52 36330.4
28 52.7 36719.3
28 96.64 37054.2
28 99.82 37216.8
28 96.64 37446.8
28 96.64 37268.5
29 34.78 30635.2
29 39.19 32459.5
29 43.11 35275
29 45.11 37018.7
29 47.58 38247.2
29 47.58 38318
29 440.53 38951.5
29 59.12 39743.5
29 59.12 39366.4
29 59.84 39652.7
29 61.38 39788.1
29 69.14 40050.9
29 69.55 40419.1
29 69.55 40396.3
29 60.37 40120.3
