0 72.09 39484.1
0 71.43 38078.6
0 71.43 36131.5
0 71.08 34724.5
0 71.08 33876.7
0 71.08 33001.6
0 71.08 32326.4
0 71.08 32024.5
0 71.08 31714.1
0 71.08 31556.7
0 71.08 31698.6
0 64.65 32095.4
1 45.52 43575.4
1 45.52 45146.3
1 46.63 43110.8
1 45.52 41427.9
1 45.52 41102
1 45.52 40128.2
1 34.49 39333.3
1 34.49 38597.1
1 34.49 39335.6
1 34.49 39140.6
1 44.54 38889.4
1 145.72 38044.5
2 46.26 54641.7
2 45.02 52011.3
2 43.94 49579.3
2 43.15 47398.5
2 43.15 45535.2
2 42.77 44380.3
2 42.77 43330.9
2 42.77 42858.1
2 42.77 42340.3
2 42.77 42304.4
2 42.77 42458.4
2 40.26 43763.5
3 44.4 58427.1
3 44.01 56207.2
3 44.01 52726.8
3 36.44 50132.2
3 30.77 48080.5
3 30.77 46389.7
3 37.12 44790.3
3 37.12 43677.3
3 37.12 43447.4
3 37.12 43050.6
3 37.12 42603.5
3 36.44 42532.2
4 39.1 58354.5
4 36.72 55456.6
4 36.72 53166.5
4 36.72 51369.5
4 34.47 49807.5
4 34.4 48748.9
4 34.4 47952
4 34.47 47450.1
4 34.47 47254.5
4 34.47 46961.8
4 34.4 47367.2
4 34.4 48451.1
5 59.31 49707.8
5 58.64 45893.6
5 58.59 43471.4
5 53.61 41064.4
5 38.88 39599.5
5 38.88 38997.4
5 38.88 39174.4
5 38.88 39330.3
5 38.88 39599.6
5 38.88 39439.7
5 38.88 40719.2
5 53.61 42405.3
6 48.05 49542.3
6 44.89 46959.8
6 44.89 44443.8
6 44.89 42068.5
6 44.88 40327.6
6 44.43 38906.6
6 44.43 37986.5
6 44.43 37310.5
6 44.43 37201.7
6 44.43 36502.3
6 44.43 36271.5
6 44.43 36209.9
7 72.94 55473.6
7 58.72 52855.7
7 54.66 51915.2
7 54.66 50301.8
7 54.16 48439
7 54.16 46785.6
7 54.16 45538.1
7 54.16 44882.5
7 54.16 43962.2
7 54.16 43972.5
7 54.16 44253.6
7 54.16 45416
8 45.03 41368.8
8 43.04 39187.5
8 42.73 37455.5
8 42.73 35674.7
8 41.88 34798.1
8 39.32 33595.5
8 39.32 32964.1
8 39.32 32285.4
8 37.86 31966.1
8 39.32 31721.8
8 39.32 30739.5
8 39.32 29838.6
9 66.39 51913.2
9 46.72 51406.2
9 51.52 50832
9 46.72 49058.7
9 46.72 47754.2
9 34.47 46487.1
9 36.03 45400.4
9 36.03 45038.1
9 36.03 44762.4
9 36.03 44395.9
9 36.03 44904.7
9 36.03 45838.2
10 42.96 40940.8
10 39.84 39150.5
10 39.48 36997.3
10 39.39 35604.5
10 39.39 34862.4
10 39.39 33928.7
10 39.39 33067.1
10 28.62 33142.1
10 28.62 32925.1
10 28.62 32736.7
10 28.62 32346.2
10 28.62 31357.4
11 44.58 35751.8
11 44.58 34415.9
11 43.46 32376.7
11 40.39 30978.9
11 39.75 29699.2
11 39.75 28956.5
11 39.75 28373.9
11 39.75 27575
11 39.75 27595.1
11 39.75 27840.6
11 39.75 26292.2
11 39.75 26256
12 47.96 55112.3
12 72.44 51539.4
12 50.71 49235
12 50.71 47587.7
12 38.16 44755.2
12 38.16 43235
12 36.23 42363.5
12 36.23 41458
12 35.89 40640.7
12 34.4 40789.1
12 37.72 40183.6
12 36.23 40162.5
13 46.7 43760.1
13 46.07 42094.2
13 45.71 39774
13 45.71 37816
13 42.22 36281.4
13 42.22 35728.1
13 42.22 35278.5
13 42.22 34843.8
13 42.22 34527.7
13 42.22 34394.2
13 46.7 33675.4
13 42.22 34220.8
14 45.8 53868.2
14 45.8 50524.8
14 40.38 47732.9
14 30.61 45493.2
14 30.61 43537.6
14 30.61 41942.6
14 30.61 40999.7
14 39.37 40819.1
14 39.37 40377.3
14 39.37 40083.8
14 39.37 40018.8
14 41.21 39984.4
15 42.89 47550.4
15 42.89 45088.4
15 42.84 42769.2
15 42.44 40830.4
15 42.44 39481.6
15 42.44 39982.7
15 42.44 39752.9
15 42.12 39378.8
15 30.4 39570.1
15 28.57 39971.8
15 28.57 41556.4
15 28.57 42406.4
16 50.5 40786.5
16 50.39 39416.2
16 47.54 37715
16 44.59 36682.3
16 44.87 35713.3
16 45.14 34970.8
16 45.42 33972.1
16 45.7 33869.7
16 45.97 33787.8
16 46.25 33813.6
16 46.53 33828.8
16 48.67 33847.3
17 65.88 44539.5
17 65.88 42724.2
17 65.88 40282.8
17 64.74 38924
17 64.52 37256.1
17 64.07 36007
17 63.01 35378.8
17 63.01 35215.2
17 63.01 35558
17 63.01 35435.9
17 64.28 37539.6
17 65.88 38243
18 50.96 50930.3
18 50.42 48071.2
18 50.09 45731.6
18 50.09 43753.5
18 50.09 41931
18 7.44 41964.5
18 7.44 40891.7
18 50.09 40468
18 50.09 38642.1
18 50.09 38156.2
18 50.42 38162.2
18 50.42 38236.8
19 38.16 41838.8
19 34.77 40542.4
19 34.77 38482.7
19 34.77 37220.8
19 34.77 36151.6
19 32.13 35164.4
19 34.77 34758.8
19 34.77 34661.9
19 34.77 34687
19 34.77 34847.6
19 32.13 35647.2
19 32.13 36887.7
20 67.07 55671.5
20 54 52254.8
20 54 50376.3
20 54 49268.9
20 54 47662.9
20 54 46162.5
20 51.53 45329.8
20 51.53 44864.1
20 51.53 44492.3
20 51.53 44107.7
20 54 44144.6
20 54 45042.9
21 41.64 46927.6
21 41.64 47256.2
21 41.64 47227.8
21 34.14 45555.4
21 33.79 44596
21 33.79 43674.7
21 32.32 42353.3
21 34.19 41618
21 33.79 40994.7
21 33.79 40369.1
21 32.68 39930.2
21 32.68 39334.1
22 57.72 46629.8
22 56.99 43909.5
22 56.08 41576.2
22 46.21 38680.9
22 44.3 36263.6
22 44.3 34306.4
22 44.3 32982.8
22 44.3 31845.4
22 44.3 31632.8
22 43.95 31082.4
22 44.3 30987.4
22 44.3 31068
23 45.03 57357.7
23 43.89 53945.8
23 43.41 51045.8
23 43.38 48595.1
23 43.38 46324.2
23 43.38 44627.6
23 43.38 45140.1
23 43.38 44499.1
23 43.38 44307.7
23 43.38 43673.7
23 43.38 43669.8
23 43.38 44297.8
24 44.89 39595.3
24 44.01 37815.8
24 43.66 36458.5
24 43.66 34571
24 44.01 33652.6
24 43.39 33283.4
24 42.06 32510.7
24 42.96 31903.9
24 43.66 31632.7
24 43.66 31639
24 43.66 31304.5
24 43.66 31866.2
25 51.45 49835.7
25 36.53 46528.4
25 36.53 44090.1
25 36.53 44075.2
25 5.66 42429
25 5.66 41708.7
25 5.66 40787.6
25 5.66 40379.9
25 5.66 40219.9
25 5.66 40178
25 36.53 40976
25 36.53 41990.8
26 47.44 50011.9
26 47.04 47359.5
26 47.04 44224.2
26 47.03 43092.5
26 41.27 41385.7
26 33.66 40198.1
26 33.66 39694.7
26 33.66 40046.9
26 33.66 39367.7
26 33.66 39492.2
26 33.66 39918.3
26 33.66 40689.5
27 38.45 42221.2
27 37.64 40479.7
27 38.91 39086.4
27 38.45 37581.6
27 38.45 36723.4
27 38.45 35758.5
27 38.09 35133.9
27 38.09 35001.3
27 32.06 35261.7
27 38.91 35388.6
27 38.09 36932.2
27 38.09 38103.3
28 55.89 53597.5
28 55.89 51322.5
28 55.89 48358.7
28 55.89 46025.3
28 55.89 45345.2
28 55.89 43328
28 55.89 42217.3
28 55.89 41287.4
28 55.89 40644
28 55.89 40591.3
28 55.89 39618.6
28 55.89 39116.2
29 42.98 43357.4
29 42.97 40468
29 39.46 37487
29 38.78 36245.8
29 38.42 35156.3
29 38.42 34711.7
29 38.42 34044.9
29 38.42 33940.9
29 38.42 34018.2
29 38.42 33998
29 38.42 33887.8
29 38.42 34542.1
