0 44.26 39.5477
0 44.26 39.4427
0 44.26 39.5206
0 44.26 39.668
0 44.26 39.4404
0 44.26 38.0999
0 42.15 38.1382
0 42.15 37.9717
0 42.15 37.6862
0 42.15 37.5638
1 50.49 50.5878
1 36.13 50.4554
1 35.44 41.0571
1 33.1 40.7749
1 33.1 39.397
1 27.92 40.2448
1 27.92 39.1256
1 27.92 38.0472
1 35.44 40.1777
1 27.92 39.8798
2 60.63 47.6122
2 60.36 47.4927
2 59.7 47.2647
2 59.7 47.1611
2 59.7 46.978
2 59.7 46.6955
2 59.21 46.1925
2 59.21 46.0146
2 59.21 46.1988
2 59.21 45.9782
3 56.16 44.7537
3 60.13 44.1902
3 60.13 44.0121
3 56.16 43.5959
3 56.16 39.7036
3 56.16 43.056
3 56.16 42.8521
3 56.16 42.8367
3 56.16 39.3244
3 56.16 39.4619
4 49.56 56.5377
4 49.28 55.7957
4 49.28 52.412
4 49.28 48.7038
4 49.28 47.109
4 49.28 46.9601
4 34.77 48.0838
4 34.77 47.8448
4 32.94 47.8205
4 32.94 47.8282
5 57.55 49.8571
5 57.55 49.4709
5 57.41 49.473
5 58.45 40.8802
5 57.41 40.782
5 56.42 40.6845
5 53.95 40.4544
5 53.01 40.2194
5 53.84 40.1972
5 54.88 39.7869
6 44.47 32.9161
6 44.47 32.7909
6 44.47 35.6913
6 44.47 35.4358
6 44.47 32.5171
6 44.47 32.6792
6 41.42 32.4466
6 39.73 31.7131
6 40.21 31.5762
6 39.29 31.6328
7 58.77 42.3225
7 58.77 41.9611
7 58.62 41.8892
7 57.16 41.5099
7 57.16 41.2649
7 57.16 41.352
7 56.87 40.9463
7 56.87 41.1186
7 56.87 40.8938
7 56.87 40.4769
8 45.64 43.2623
8 45.64 42.6144
8 35.76 42.6735
8 35.76 42.2552
8 33.73 40.5441
8 33.73 40.1981
8 33.73 39.9952
8 33.73 39.9353
8 33.73 39.7845
8 33.73 39.915
9 56.62 46.2752
9 52.98 40.5472
9 40.47 39.9943
9 40.47 38.6441
9 40.47 38.4617
9 40.47 37.9787
9 40.47 37.7969
9 40.18 37.6525
9 40.18 37.5023
9 40.18 37.5012
10 54.97 37.5231
10 54.97 36.9029
10 54.37 35.6005
10 48.48 35.317
10 48.48 35.2015
10 48.48 34.7993
10 48.48 34.8041
10 48.48 34.7621
10 48.48 34.7778
10 54.37 35.0201
11 50.25 42.7608
11 38.91 41.3507
11 38.16 40.9598
11 38.16 40.4658
11 38.16 39.6609
11 38.16 39.5468
11 37.88 39.6158
11 37.88 39.1087
11 37.88 39.3603
11 37.88 39.4189
12 75.89 47.9625
12 71.87 47.9224
12 69.62 46.5136
12 66.25 46.4634
12 64.88 46.6504
12 61.89 46.464
12 49.72 46.6143
12 49.72 46.8024
12 49.72 46.5483
12 49.72 46.4057
13 70.33 49.3558
13 70.33 49.0577
13 70.33 48.2556
13 63.75 48.0662
13 63.75 47.5128
13 63.75 47.3568
13 63.75 47.347
13 63.75 47.2907
13 63.75 47.4233
13 72.12 47.6617
14 51.76 52.7517
14 49.97 48.593
14 40.15 44.8347
14 39.47 43.6832
14 39.47 43.143
14 39.47 43.5084
14 38.18 42.1618
14 38.76 42.1492
14 38.74 42.2299
14 38.18 42.2641
15 30.36 42.9724
15 30.36 36.8251
15 30.36 35.3804
15 25.15 34.9128
15 25.15 34.6476
15 30.36 34.3098
15 30.36 31.6176
15 25.15 31.7108
15 25.15 31.5171
15 25.15 31.462
16 30.63 36.9713
16 30.63 36.9191
16 21.54 36.5934
16 19.99 35.5652
16 19.99 35.0527
16 22.55 35.0829
16 19.99 34.9988
16 21.54 32.2229
16 21.54 31.9094
16 21.54 31.7122
17 56.8 56.0226
17 55.38 49.7449
17 55.38 48.2999
17 55.38 47.8422
17 55.38 47.7447
17 55.38 47.5452
17 55.38 47.3764
17 55.38 46.8528
17 55.38 46.9772
17 55.11 46.9611
18 49.62 29.4217
18 47.36 29.2103
18 47.36 28.1129
18 47.36 28.1602
18 47.36 28.0171
18 47.36 28.0577
18 47.36 28.0314
18 47.36 28.3774
18 47.36 28.1422
18 47.36 28.2688
19 44.75 46.2036
19 33.14 45.9657
19 31.23 38.9261
19 36.17 37.8613
19 32.23 37.7119
19 31.23 37.6535
19 31.23 34.9786
19 31.23 40.2011
19 31.23 38.2023
19 31.23 37.2134
20 46.9 46.368
20 46.9 40.6649
20 36.15 37.8566
20 31.37 38.0752
20 36.15 37.993
20 32.01 37.8569
20 31.37 37.6133
20 31.37 37.5019
20 31.37 37.5132
20 31.37 37.4698
21 45 50.5232
21 34.51 49.2136
21 31.47 46.3878
21 34.77 42.2868
21 32.16 41.8725
21 31.47 41.2604
21 30.37 41.6
21 31.47 41.4598
21 31.47 40.9761
21 31.47 40.9734
22 58.49 56.4291
22 58.49 47.0221
22 41.69 46.9862
22 40.31 47.0311
22 42.85 46.9058
22 40.31 46.5342
22 39.37 46.5425
22 39.37 45.9574
22 40.31 45.9241
22 40.31 45.4981
23 40.02 43.8991
23 33.95 37.6161
23 33.95 39.6282
23 31.63 37.2705
23 31.63 36.8017
23 31.63 36.998
23 30.38 36.6487
23 30.38 35.6901
23 30.38 35.7332
23 30.38 35.4515
24 40.41 51.1068
24 31.45 43.3812
24 30.38 43.6885
24 30.11 41.7364
24 30.38 41.3288
24 30.38 41.1766
24 30.11 40.4106
24 30.11 40.6235
24 30.11 40.4472
24 30.11 39.8539
25 45.38 43.9239
25 44.35 43.7022
25 44.35 42.8751
25 44.35 41.8914
25 44.35 42.783
25 44.35 42.1512
25 44.35 42.1325
25 44.35 42.1412
25 44.35 42.0673
25 44.35 42.0323
26 36.02 48.9004
26 32.33 44.7648
26 32.33 43.7523
26 30.57 40.5978
26 30.57 40.1873
26 30.57 40.1567
26 30.57 40.0469
26 30.57 39.0579
26 30.57 39.1573
26 30.57 38.9483
27 40.41 43.2635
27 42.66 42.6264
27 40.41 42.3981
27 40.41 42.1214
27 40.41 40.6632
27 39.24 40.5214
27 39.21 40.5659
27 39.21 40.335
27 40.41 40.5654
27 40.41 40.307
28 48.78 48.1574
28 48.69 46.8199
28 47.08 44.0895
28 47.08 38.4235
28 32.25 38.4721
28 32.25 37.0179
28 32.25 36.7888
28 32.25 36.7263
28 32.25 36.9533
28 32.25 39.2172
29 46.95 44.8092
29 40.44 43.5456
29 32.6 44.7445
29 33.09 44.453
29 32.6 42.8083
29 32.6 42.1922
29 32.6 42.338
29 32.6 42.028
29 32.6 41.9637
29 32.6 41.9563
30 32.54 48.1119
30 30.24 40.721
30 29.97 37.9163
30 29.97 39.73
30 29.97 38.1798
30 29.97 37.6342
30 29.97 37.4158
30 25.03 37.1597
30 25.03 37.0508
30 25.03 37.0117
31 32.39 50.1081
31 32.39 52.7532
31 29.63 51.1978
31 29.63 50.9155
31 29.36 50.7199
31 29.36 50.4771
31 29.36 50.4874
31 25.73 50.5602
31 25.73 49.7528
31 29.36 48.7522
32 54.4 43.5565
32 51.64 43.4191
32 51.64 41.8633
32 51.37 41.4541
32 47.99 40.9316
32 47.99 41.1472
32 51.37 41.1673
32 47.99 41.1825
32 49.24 41.1132
32 54.4 39.7014
33 44.01 39.6395
33 44.01 39.3167
33 44.01 39.1717
33 36.18 37.0062
33 36.18 36.5241
33 34.95 36.3035
33 34.95 36.5424
33 34.95 36.477
33 34.95 36.4399
33 40.94 36.5392
34 84.59 38.4733
34 84.41 38.1205
34 81.68 37.8873
34 81.68 34.6517
34 81.68 34.8236
34 81.68 37.0986
34 81.68 36.2766
34 81.68 36.4455
34 81.41 36.4737
34 81.68 35.4784
35 59.46 37.796
35 56.34 34.0399
35 62.59 36.124
35 59.46 33.9648
35 62.31 33.5898
35 56.34 33.4744
35 56.34 33.4253
35 56.34 31.9545
35 56.34 33.5868
35 56.34 33.6691
36 29.24 40.641
36 29.24 39.7999
36 29.24 38.0602
36 29.24 37.3263
36 29.24 37.3248
36 29.24 32.7613
36 19 32.9145
36 29.24 32.694
36 29.24 32.9432
36 29.24 32.8423
37 55.26 54.9794
37 55.26 54.41
37 39.28 47.4273
37 42.31 45.2929
37 35.85 45.2574
37 42.43 46.5319
37 39.27 45.9997
37 39.27 45.7609
37 39.28 45.8471
37 39.27 45.9367
38 29.33 37.3733
38 26.44 37.0371
38 32.49 36.2328
38 29.33 35.7968
38 29.33 34.0655
38 29.33 34.0645
38 29.33 33.7933
38 29.33 33.9687
38 23.28 34.1104
38 30.19 34.2148
39 45.4 46.1852
39 35.61 42.5059
39 32.69 38.709
39 35.61 36.6591
39 33.26 34.6697
39 33.41 38.0153
39 32.69 37.9729
39 32.69 34.5434
39 29.71 34.4567
39 29.71 34.5853
40 34.07 53.0311
40 34.07 45.9874
40 46.68 45.7809
40 46.58 45.5406
40 46.58 45.4177
40 34.07 43.6419
40 31.05 43.5056
40 31.05 42.8802
40 31.47 42.8622
40 31.47 42.8454
41 32.6 37.672
41 30.57 37.3027
41 28.26 35.5858
41 32.6 35.1575
41 30.57 33.9988
41 30.29 33.708
41 30.29 33.0099
41 29.5 32.8459
41 31.08 32.7419
41 30.29 33.0581
42 42.52 39.6293
42 39.81 39.6506
42 37.67 37.9559
42 36.73 36.7497
42 32.33 35.4595
42 38.86 37.6924
42 38.86 37.7783
42 36.73 34.2144
42 38.86 34.1234
42 37.7 34.2434
43 56.36 45.0471
43 56.35 44.811
43 55.85 44.8363
43 54.59 44.3094
43 54.59 43.6264
43 52.78 43.5532
43 52.78 43.6226
43 52.78 43.5523
43 52.78 43.5352
43 52.78 43.7717
44 48.29 46.0575
44 33.74 38.6768
44 31.47 38.54
44 31.47 36.7827
44 31.47 36.743
44 31.47 36.4869
44 31.47 35.8998
44 31.19 35.9062
44 31.19 35.878
44 31.19 33.9021
45 37.49 40.268
45 37.49 45.5647
45 37.44 41.093
45 34.67 40.7518
45 28.28 39.1562
45 32.27 37.907
45 28.28 37.7264
45 28.28 37.3874
45 28.28 37.4041
45 23.78 37.4263
46 31.62 37.436
46 34.02 37.1368
46 28.95 36.9171
46 28.47 35.2486
46 28.47 35.2173
46 28.47 35.2561
46 28.47 34.1083
46 23.49 33.7971
46 23.49 33.8647
46 28.47 33.9108
47 84.82 52.802
47 81.84 52.7286
47 84.37 52.2227
47 82.61 50.7121
47 82.56 50.6057
47 82.57 50.817
47 82.56 50.6241
47 81.84 50.5298
47 81.84 50.5182
47 82.59 50.5562
48 48.32 51.2313
48 48.32 43.4166
48 48.32 42.805
48 48.32 44.0859
48 49.19 42.9171
48 48.32 42.786
48 48.32 42.6009
48 46.73 41.491
48 46.63 41.3839
48 46.56 41.302
49 62.31 44.6288
49 61.11 38.3408
49 52.37 38.4148
49 52.37 38.2774
49 52.37 38.3294
49 52.37 37.6626
49 52.37 37.6542
49 52.37 37.7063
49 52.37 37.7057
49 52.37 37.7401
50 56.25 51.2667
50 56.25 50.3071
50 48.78 46.7278
50 42.48 43.2826
50 41.49 43.2283
50 41.49 42.9774
50 41.49 43.1508
50 38.38 42.8756
50 41.49 42.6992
50 41.49 43.0465
51 35.09 34.0899
51 35.09 35.7366
51 31.51 35.5517
51 31.51 33.392
51 31.51 33.3626
51 31.23 32.9116
51 31.23 27.3457
51 11.91 27.288
51 19.04 27.1129
51 19.04 27.3047
52 38.66 49.1338
52 38.58 49.3365
52 44.72 46.6164
52 38.66 46.3792
52 38.58 43.5233
52 38.58 43.1868
52 35.03 43.2333
52 38.58 42.8488
52 38.58 43.2022
52 38.58 43.2501
53 44.42 42.4777
53 42.17 42.2499
53 42.17 41.7694
53 42.17 41.7422
53 42.17 41.7807
53 42.17 41.7587
53 42.17 41.9079
53 42.17 41.9117
53 42.18 41.9009
53 44.42 42.282
54 41.58 51.9341
54 41.58 51.3845
54 37.91 50.8088
54 37.91 50.5909
54 37.64 50.6278
54 37.64 49.5114
54 35.48 49.545
54 35.48 49.6193
54 35.48 49.4601
54 35.48 49.3497
55 67.28 50.7791
55 59.29 55.7665
55 50.92 51.4111
55 50.92 51.0501
55 50.92 50.637
55 50.92 49.4799
55 49.5 49.2517
55 45.78 47.2933
55 45.78 47.0751
55 45.78 46.97
56 43.83 37.7156
56 43.9 35.7535
56 43.22 35.453
56 42.52 35.1508
56 41.73 35.094
56 41.7 34.8045
56 31.71 34.9362
56 31.71 34.7389
56 41.43 30.8607
56 41.7 34.8106
57 47.98 52.5674
57 40.56 52.6085
57 35.15 51.927
57 33.88 50.8951
57 30 50.436
57 29.73 50.1104
57 29.73 47.8653
57 29.25 47.6862
57 29.25 47.5091
57 29.25 47.4271
58 53.36 48.4233
58 50.6 48.4238
58 50.6 48.0273
58 48.01 44.965
58 47.4 47.7812
58 47.4 46.2383
58 47.4 46.0343
58 47.4 46.0343
58 47.4 45.9609
58 47.4 45.9976
59 41.52 44.3063
59 47.79 38.8612
59 39.79 38.7098
59 47.79 33.4597
59 47.79 33.5102
59 47.79 33.3193
59 39.79 38.42
59 47.79 33.3151
59 39.9 38.58
59 39.79 38.7495
60 45.92 38.4321
60 45.92 38.3451
60 42.88 38.1167
60 42.6 37.6354
60 42.6 37.6808
60 42.6 35.7026
60 42.6 35.441
60 42.6 35.3456
60 42.6 35.4902
60 42.6 35.5317
61 60.96 45.9259
61 60.96 45.6765
61 60.95 45.4165
61 60.96 45.3265
61 60.96 39.1694
61 60.95 38.0178
61 60.95 37.9185
61 58.26 37.1309
61 58.26 37.0955
61 57.89 36.9777
62 46.35 40.7417
62 34.64 40.3129
62 34.64 36.8739
62 34.64 36.3324
62 34.64 34.9622
62 34.64 34.546
62 34.64 34.4122
62 34.64 33.7685
62 31.92 33.4917
62 31.92 33.3561
63 34.59 41.5536
63 34.39 41.1767
63 31.42 39.143
63 31.42 39.0241
63 31.13 38.6099
63 29.7 38.2771
63 29.7 37.3714
63 29.7 37.2702
63 23.39 37.1418
63 23.39 37.2625
64 52.92 41.5946
64 45.78 41.4177
64 34.87 40.9534
64 34.87 40.413
64 35.8 39.7939
64 32.33 37.1935
64 31.15 36.709
64 30.86 36.5437
64 29.7 36.3893
64 29.7 35.7979
65 42.46 47.3964
65 42.03 49.8864
65 36.16 48.2929
65 36.16 48.0813
65 31.5 47.6101
65 31.5 47.2923
65 29.2 47.1112
65 27.95 47.0739
65 27.95 47.0847
65 27.95 47.0559
66 34.6 40.7759
66 30.59 36.8194
66 30.59 37.2113
66 30.59 36.3143
66 30.31 33.9234
66 30.31 33.8728
66 28.87 33.9942
66 28.87 33.8084
66 28.87 33.7033
66 28.87 33.7299
67 41.72 48.9781
67 36.24 48.294
67 36.24 48.0383
67 35.83 41.3227
67 31.78 40.9494
67 31.78 40.6337
67 31.78 40.5446
67 31.78 40.1995
67 31.78 40.1116
67 31.5 39.7963
68 34.47 36.3977
68 30.93 35.8568
68 30.93 33.7372
68 30.65 33.0654
68 30.65 32.9511
68 30.65 32.5833
68 30.65 32.4476
68 30.65 32.5523
68 30.65 32.5197
68 28.91 32.3683
69 48.69 44.9925
69 47.91 40.6815
69 47.91 40.4939
69 47.91 40.1818
69 45.03 38.6441
69 45.03 35.9272
69 34.47 34.1793
69 34.47 33.7679
69 31.5 33.6638
69 31.25 33.2398
70 28.91 45.1486
70 23.85 43.5504
70 20 43.0189
70 19.8 38.4096
70 10.55 38.1567
70 10 37.7543
70 11.34 37.63
70 8.1 37.5132
70 8.77 37.394
70 9.89 37.4305
71 49.32 48.6112
71 47.91 46.506
71 47.91 43.2958
71 41.52 40.1402
71 47.91 39.6139
71 47.91 39.582
71 47.91 38.9403
71 47.91 38.904
71 41.52 38.9371
71 41.52 38.8603
72 49.97 50.3868
72 48.24 49.9046
72 37.14 48.9159
72 37.14 42.9854
72 34.17 42.4698
72 34.17 40.2428
72 34.17 40.0208
72 30.42 39.9535
72 30.42 38.1462
72 30.42 37.9798
73 61.32 52.5973
73 61.32 51.6433
73 58.98 51.0888
73 46.31 51.0412
73 49.4 50.8828
73 46.31 45.99
73 46.31 45.8076
73 46.31 45.923
73 42.58 45.4148
73 42.58 44.9811
74 53.48 39.5048
74 53.48 37.2013
74 53.41 37.3125
74 53.41 35.2357
74 53.13 34.8513
74 53.41 34.803
74 53.41 34.7897
74 53.41 34.8349
74 53.41 34.8997
74 53.41 34.7957
75 50.93 53.2161
75 50.13 53.0028
75 48.65 51.925
75 48.55 51.6572
75 46.84 49.7428
75 46.84 49.1687
75 46.84 48.6548
75 46.84 48.5445
75 46.84 48.4735
75 46.84 48.4418
76 55.05 53.8297
76 55.05 50.8018
76 55.05 50.5583
76 55.05 50.6305
76 55.05 42.304
76 55.05 39.6935
76 55.05 39.5955
76 55.05 46.2632
76 47.51 39.3946
76 47.51 39.404
77 34.41 46.0924
77 42.32 45.7793
77 34.41 45.4745
77 30.86 45.2512
77 30.86 44.7085
77 30.86 42.5277
77 30.86 42.5001
77 30.86 42.2188
77 30.86 42.3199
77 30.86 42.1808
78 49.44 49.4106
78 49.35 45.99
78 42.27 41.2222
78 42.27 38.8606
78 34.26 39.9738
78 30.86 37.9812
78 30.86 37.7476
78 30.86 37.7647
78 30.54 37.2495
78 30.54 37.036
79 57.27 47.9709
79 48.98 47.8417
79 48.98 44.6737
79 42.23 44.523
79 42.23 44.2139
79 42.23 39.4644
79 39.28 39.121
79 39.28 38.834
79 38.52 38.2989
79 38.52 37.7965
80 41.03 49.8647
80 41.03 49.6545
80 33.85 48.1943
80 33.85 47.3567
80 31.29 46.7386
80 31.29 46.3898
80 31.29 46.4678
80 31.29 46.3033
80 31.29 46.2581
80 31.29 46.1675
81 34.06 47.5858
81 31.29 41.6789
81 30.49 38.4301
81 30.21 36.8784
81 30.21 35.1844
81 30.21 35.0356
81 20.58 34.2582
81 20.58 34.2107
81 6.29 34.224
81 5.52 33.999
82 49.99 51.1505
82 49.71 45.8029
82 34.51 41.9895
82 33.82 42.3355
82 32.3 41.1536
82 32.3 39.7881
82 32.3 38.2491
82 30.57 37.5174
82 30.29 37.3621
82 30.29 37.2069
83 47.51 49.351
83 47.35 47.3366
83 47.35 46.8704
83 47.35 46.5825
83 40.29 45.765
83 40.29 44.8356
83 40.29 43.9533
83 40.29 44.3787
83 40.29 44.5209
83 40.29 44.5285
84 31.5 42.3893
84 31.08 41.3518
84 31.08 39.8595
84 30.8 39.3146
84 30.8 38.6761
84 30.8 38.4089
84 30.8 38.4011
84 20 38.6578
84 20 38.5384
84 30.8 38.6118
85 34.5 44.4451
85 31.5 41.822
85 31.5 41.9051
85 31.5 41.4357
85 30.71 40.9286
85 30.43 40.8922
85 23.99 40.3566
85 23.97 39.9215
85 23.93 39.8417
85 23.93 36.5695
86 63.3 54.7765
86 59.7 54.8755
86 58.82 54.064
86 57.66 53.4736
86 59.7 52.8015
86 58.82 50.9463
86 58.82 51.4118
86 58.54 51.5101
86 58.54 51.5547
86 58.54 51.7219
87 56.53 49.0444
87 54.67 48.7519
87 54.67 47.6362
87 49.65 47.0514
87 53.52 46.0588
87 52.78 45.5279
87 52.4 45.2369
87 49.65 44.9522
87 49.65 44.8824
87 49.65 43.5261
88 49.95 44.3319
88 49.95 42.4328
88 49.95 42.2214
88 49.95 41.5899
88 35.04 40.0361
88 34.34 39.7433
88 31.52 39.1443
88 39.85 38.8106
88 39.85 38.863
88 39.85 38.5011
89 93.33 29.0529
89 68.34 28.359
89 68.34 27.9458
89 65.36 26.6117
89 65.36 26.3406
89 64.41 25.6594
89 62.23 25.5123
89 65.36 25.4191
89 65.36 25.6045
89 65.36 25.63
