0 45.37 7054.28
0 44.93 6774.3
0 44.93 6589.44
0 43.26 6353.76
0 43.26 6164.8
0 43.26 5184.99
0 42.73 5151.19
0 42.73 5143.17
0 42.73 5154.41
0 42.73 5117.99
0 42.73 5943.41
0 42.73 6141.23
0 42.73 5949.39
0 43.12 6357.65
0 46.45 6804.51
0 46.45 7338.18
0 46.45 7640.26
0 46.45 7829.49
1 54.98 6730.72
1 54.55 6519.95
1 54.55 6359.69
1 54.55 6250.51
1 54.1 6156.14
1 53.86 6082.45
1 53.86 5903.55
1 53.86 5854.44
1 53.86 5838.22
1 53.86 5848.36
1 53.86 5887.93
1 53.86 6079.46
1 45.16 6114.69
1 45.16 6452.47
1 46.25 6946.69
1 48.22 7551.57
1 48.22 7816.76
1 47.6 8411.51
2 50.96 5837.95
2 50.42 5505.02
2 50.09 5357.47
2 50.09 5250.74
2 50.09 5135.34
2 7.44 4143.21
2 7.44 4107.04
2 50.09 4119.36
2 50.09 5067.2
2 50.09 5064.03
2 50.42 5120.23
2 50.42 5151.29
2 40.78 5237.11
2 41.23 5358.04
2 42.51 5591.63
2 42.51 6075.75
2 42.98 5865.06
2 42.98 6417.49
3 45.18 6216.8
3 45.18 6025.84
3 44.86 5878.02
3 44.75 5719.32
3 44.75 5595.52
3 44.37 5449.02
3 44.37 5328.05
3 44.37 5318.26
3 44.37 5235.04
3 44.24 5218.52
3 44.24 5223.35
3 43.99 5181.89
3 44.03 5177.19
3 44.27 5214.52
3 44.27 5288.36
3 44.27 5396.71
3 44.27 5397.66
3 44.14 5544.47
4 47.45 7257.71
4 47.24 6960.14
4 47.2 6725.43
4 47.2 6594.38
4 46.65 6439.39
4 46.2 5473.46
4 46.2 5451.46
4 46.2 5436.03
4 46.2 5440.89
4 46.2 5431.03
4 46.48 6337.3
4 47.2 6554.32
4 46.64 6488.72
4 46.64 6865.63
4 47.63 7350.11
4 50.17 7984.03
4 51.17 8432.51
4 51.02 8557.09
5 52.58 7277.99
5 52.58 6160.44
5 52.17 6033.8
5 52.17 4136.23
5 52.17 4031.18
5 52.17 3968.68
5 52.17 3928.33
5 52.17 5737.77
5 52.17 5753.15
5 52.17 5746.88
5 52.17 6644.86
5 52.58 6431
5 42.76 5769.54
5 43.2 6202.35
5 45.38 6733.82
5 47.84 7370.18
5 48.75 7881.55
5 48.75 7997.18
6 45.16 6515.27
6 44.49 6251.57
6 43.53 6053.62
6 42.84 4898.83
6 42.84 4820.21
6 42.84 4747.78
6 28.15 4723.73
6 28.15 2913.83
6 28.15 2930.62
6 28.15 2914.89
6 28.15 4895.08
6 28.15 5890
6 40.47 6026.89
6 44.49 6388.7
6 45.23 6867.34
6 44.75 7481.83
6 46.04 14125.6
6 46.04 14193.3
7 44.96 7556.63
7 44.96 7232.24
7 44.54 6865.31
7 43.48 6594.77
7 41.72 6404.64
7 41.56 6234.27
7 40.69 6118.46
7 40.69 6007.7
7 25.99 4927.54
7 25.99 4915.64
7 25.99 4825.34
7 25.99 4875.42
7 25.53 4880.92
7 25.53 5895.9
7 25.53 6030.52
7 39.78 6303.46
7 40.21 6492.5
7 40.9 6606.7
8 40.29 7969.94
8 39.76 7696.36
8 39.76 7520.97
8 26.98 7330.33
8 26.98 7200.72
8 26.98 6303.65
8 26.98 6241.92
8 26.98 6172.27
8 26.98 6114.15
8 26.98 4331.43
8 26.98 4280.43
8 26.98 4281.42
8 27.24 5135.67
8 27.24 5214.69
8 27.24 5246.76
8 27.24 6054.82
8 27.24 5204.82
8 27.24 5257.28
9 44.1 6479.81
9 39.76 6126.91
9 39.76 5897.63
9 39.36 5683.35
9 39.36 5504.05
9 27.24 5362.57
9 27.24 4507.14
9 27.24 4404.81
9 27.24 4338.3
9 27.24 4246.81
9 27.24 2433.14
9 27.24 4231.85
9 27.24 3956.11
9 27.24 4870.35
9 39.56 4943.25
9 39.56 5056.04
9 40.17 5186.2
9 40.17 5253.29
10 52.8 6956.58
10 52.54 6614.65
10 52.54 6462.25
10 38.38 6304.61
10 38.38 6153.65
10 38.38 6054.4
10 38.38 5080.19
10 38.38 5048.73
10 38.38 5029.35
10 38.38 5001.23
10 52.54 5012.2
10 52.54 5991.15
10 68.29 6195.13
10 68.29 6453.73
10 71.05 7085.91
10 72.51 7307.15
10 73.51 7515.57
10 71.14 7552.09
11 40.08 6677.08
11 40.02 6379.33
11 39.95 6143.64
11 39.29 5976.2
11 39.29 5855.34
11 37.47 5618.18
11 32.04 5470.71
11 24.94 5452.26
11 24.94 5417.66
11 24.94 5378.47
11 24.94 5580.47
11 24.94 5609.3
11 39.02 5778.23
11 39.13 6083.27
11 41.77 6644.81
11 42.35 7220.11
11 44.01 7605.56
11 42.35 7669.07
12 39.48 5953.5
12 38.82 5761.51
12 39.48 5419.65
12 38.82 5236.13
12 38.82 5017.58
12 35.9 4901.67
12 29.87 4611.91
12 25.59 3864.92
12 25.59 3819.43
12 25.59 3801.44
12 25.59 3816.77
12 25.59 3797
12 24.74 3505.41
12 24.74 3877.35
12 24.74 4503.31
12 38.38 4675.5
12 38.38 4771.24
12 39.35 4861.55
13 75.79 7227.97
13 75.42 7065.53
13 75.42 6902.67
13 75.25 6776.09
13 68.28 6641.51
13 60.81 6139.08
13 66 6404.93
13 66 6392.29
13 66 6413.23
13 66 6553.66
13 66 6671.69
13 75.25 6780.05
13 39.46 6262.94
13 40.16 6614.54
13 41.89 7153.57
13 44.13 7840.37
13 49.11 8093.44
13 47.91 8354.35
14 41.42 6637.97
14 40.2 6401.07
14 40.04 6117.94
14 39.32 5912.29
14 39.32 5725.45
14 39.32 5493.17
14 39.32 4624.72
14 24.83 4591.7
14 39.32 4596.78
14 39.32 4612.76
14 39.32 4648.41
14 39.32 4774.27
14 39.78 5921.31
14 40.2 6295.99
14 41.49 6732.58
14 45.01 7468.77
14 45.2 7799.74
14 45.2 7933.03
15 44.76 6349.26
15 43.35 6169.08
15 43.27 6000.03
15 43.27 5750.91
15 43.23 5593.22
15 42.47 5384.12
15 42.47 5319.11
15 42.47 5272.86
15 42.47 5275.83
15 42.47 5209.33
15 42.47 5212.65
15 42.47 5188.27
15 40.71 5198.37
15 41.2 5274.59
15 41.2 5312.24
15 41.2 5386.7
15 41.2 5497.42
15 41.2 5554.96
16 83.73 7781.35
16 82.4 7544.67
16 82.4 7410.01
16 82.4 6756.85
16 82 6548.56
16 82 6432.02
16 82 6335.56
16 82 6289.57
16 82 6272.26
16 82 6190.86
16 82 6142.29
16 82 6135.82
16 42.17 5551.11
16 42.17 5609.72
16 42.57 5698.12
16 42.57 6336.99
16 42.57 6398.38
16 43.15 6470.07
17 52.85 7906.87
17 52.57 7100.32
17 52.57 6898.79
17 43.15 6753.51
17 42.57 6622.68
17 42.57 6543.97
17 42.57 6391.21
17 42.57 6353.2
17 42.57 6340.5
17 42.57 6308.24
17 42.57 6303.33
17 41.95 6344.52
17 45.91 6708.72
17 59.19 7672.09
17 61.19 8657.57
17 63.75 9429.04
17 63.75 9852.72
17 63.75 9862.15
18 54.48 7844.56
18 53.79 7533.29
18 53.79 7424.34
18 42.06 7270.81
18 41.62 7121.32
18 41.23 7033.13
18 41.23 6929.27
18 41.23 6868.17
18 41.23 6851.43
18 41.23 6809.96
18 35.79 6455.65
18 35.79 6498.26
18 47.96 6310.9
18 47.95 7239.95
18 56.18 8145.44
18 59.28 9165.06
18 59.94 9342.65
18 62.14 9505.68
19 45.11 7708.07
19 45.11 7491.06
19 43.28 7348.47
19 42.64 7212.48
19 42.81 6926.66
19 42.64 6820.82
19 42.64 6739.15
19 42.64 6686.66
19 42.64 6660.58
19 42.64 6648.06
19 42.64 6751.94
19 42.64 6673.83
19 42.37 6050.28
19 42.37 6190.57
19 42.85 6301.11
19 42.85 6405.3
19 42.85 6354.3
19 42.85 6498.54
20 42.13 6112.61
20 37.84 5893.44
20 27.29 5716.93
20 27.29 5314.73
20 27.29 4823.53
20 24.02 4400.01
20 27.29 4359.76
20 36.03 4893.69
20 36.03 4873.86
20 36.03 4871.48
20 42.13 4874.78
20 42.13 4946.08
20 43.81 5594.87
20 47.09 6079.71
20 51.64 6522.4
20 52.09 6986.56
20 52.07 7209.63
20 52.07 7309.28
21 46.66 7044.32
21 46.66 6844.8
21 46.23 6664.48
21 45.68 6508.76
21 45.68 6371.18
21 45.68 6171.56
21 45.68 5918.85
21 45.68 5873.45
21 45.68 5889.91
21 44.09 5861.48
21 45.68 5959.04
21 45.68 6066.83
21 45.93 6222.17
21 45.93 6526.58
21 48.06 7021.35
21 50.16 7496.16
21 50.64 7795.12
21 50.16 7864.37
22 43.07 6330.76
22 42.11 6117.16
22 39.07 5883.25
22 39.07 5750.42
22 29.88 5469.06
22 29.88 5294.57
22 29.88 5257.26
22 29.88 5272.93
22 29.88 5254.73
22 37 5273.56
22 29.88 5579.37
22 39.93 5649.76
22 45.08 5796.49
22 47.33 6273.1
22 47.81 6654.98
22 49.22 7118.08
22 49.22 7411.62
22 129.06 7658.08
23 47.22 6492.72
23 47.22 6256.97
23 47.11 6007.04
23 46.8 5830.1
23 46.8 5451.21
23 46.8 5381.74
23 46.8 5362.05
23 46.8 5316.13
23 46.8 5373.05
23 46.8 5349.3
23 47.11 5628.96
23 47.22 5761.59
23 49.12 5873.67
23 49.83 6209.04
23 53.42 6578.65
23 54.29 7174.15
23 54.29 7448.52
23 54.29 7542.71
24 70.4 6682.66
24 70.4 6622.95
24 70.4 6231.57
24 68.6 6158.43
24 66.77 6075.13
24 66.77 6018.22
24 66.77 5961.96
24 66.77 5949.01
24 66.77 5934.92
24 66.77 5953.26
24 70.27 6254.63
24 66.77 6265.31
24 47.37 6468.54
24 47.37 6777.29
24 47.84 7280.13
24 48.4 8000.37
24 52.61 8299.27
24 77.05 8719.37
25 53.33 6610.47
25 52.13 6211.14
25 52.13 5559.15
25 52.13 5454.53
25 51.72 5406.32
25 51.72 5318.26
25 38.81 5269.23
25 38.81 5230.88
25 38.81 5205.51
25 38.81 5198.51
25 38.81 5212.27
25 38.81 5277.57
25 46.46 5378.89
25 46.46 5700.61
25 46.71 6503.74
25 47.11 7012.71
25 61.58 7352.2
25 70.39 7524.79
26 46.77 7088.85
26 46.1 6990.14
26 46.1 6847.42
26 44.52 6696.79
26 43.79 6619.79
26 43.79 6534.02
26 43.79 6463.1
26 43.79 6373.73
26 43.79 6364.75
26 43.79 6404.2
26 43.79 6542.83
26 44.52 6578.25
26 46.19 6590.5
26 46.19 7119.62
26 46.29 7638.66
26 46.7 8129
26 47.56 8547.99
26 131.83 8761.29
27 67.27 6944.01
27 66.85 6883.19
27 66.85 6658.91
27 66.85 6473.54
27 62.72 6300.13
27 62.72 6150.95
27 62.72 6073.12
27 62.72 6054.49
27 66.85 6057.24
27 66.85 6075.93
27 66.85 6406.63
27 66.85 6408.08
27 57.41 6049.13
27 57.41 6299.03
27 63.72 6616.36
27 64.24 6997.39
27 65.02 7333.84
27 66.01 7725.55
28 54.52 6229.96
28 53.15 6149.42
28 52.53 5877.84
28 51.6 5675.43
28 50.69 5543.37
28 50.69 5470.96
28 50.27 5351.1
28 50.27 5314.3
28 50.27 5269.13
28 49.78 5241.15
28 51.6 5361.15
28 50.69 5263.72
28 58.1 6045.58
28 58.1 6098.92
28 60.98 6226.49
28 60.98 6537.75
28 61.38 6712.99
28 61.38 7212.62
29 45.19 5956.3
29 45.19 5496.87
29 45.19 4944.62
29 38.19 4820.07
29 38.19 4262.07
29 38.19 4186.37
29 45.19 2952.67
29 20 2954.52
29 13.94 2953.8
29 13.94 2978.52
29 13.94 3032.21
29 38.19 4743.46
29 31.26 4842.76
29 31.26 5733.09
29 48.33 6591.93
29 68.35 7127.76
29 79.94 7485.94
29 79.94 10078.6
30 71.41 6297.72
30 70.8 6146.93
30 70.8 5955.02
30 70.8 5792.26
30 70.8 5502.11
30 70.18 5366.27
30 62.27 5251.35
30 61.71 5174.51
30 61.71 5119.47
30 61.71 5085.23
30 70.18 5163.26
30 70.18 5136.46
30 47.1 5239.2
30 47.1 5242.52
30 47.1 5505.03
30 47.66 5780.48
30 47.66 6024.39
30 49.56 6303.12
31 61.06 7464.08
31 59.12 7354.86
31 59.65 7224.14
31 58.31 7116.92
31 58.85 6900.61
31 59.39 6812.13
31 59.35 6626.84
31 55.8 6573.87
31 53.79 6563.01
31 54.33 6560.32
31 54.87 6703.05
31 55.41 6745.54
31 38.7 6598.73
31 39.44 6827.99
31 47.12 7334.89
31 49.3 8859.41
31 51.95 8976.27
31 51.46 9331.96
32 42.04 7882.98
32 42.04 7869.39
32 42.04 7550.65
32 42.04 7537.92
32 42.04 7206.02
32 42.04 7139.56
32 42.04 7103.74
32 42.04 7092.27
32 42.04 7052.37
32 42.04 7076.93
32 42.04 7089.43
32 42.04 7216.73
32 42.05 4957.61
32 47.15 5499.39
32 64.57 6485.38
32 82.89 6945.58
32 99.87 7309.27
32 86.12 8371.09
33 59.24 6507.39
33 58.85 6432.92
33 58.85 5929.43
33 58.85 5714.68
33 58.85 5653.65
33 58.85 5574.74
33 58.85 5115.69
33 58.85 5086.25
33 58.85 5084.76
33 58.85 5506.33
33 55.8 5518.94
33 48.34 5528.02
33 34.89 4800.3
33 51.57 5558.17
33 52.95 6521.93
33 57.33 7019.73
33 58.99 7397.19
33 58.84 7620.74
34 46.68 5959.04
34 44.47 5901.65
34 44.47 5745.23
34 43.28 5474.17
34 43.28 5367.86
34 42.9 5186.74
34 42.9 5098.6
34 42.9 5041.92
34 42.9 5029.24
34 42.9 5011.71
34 42.62 5015.27
34 40.23 4912.61
34 42.03 4851.38
34 44.34 4929.1
34 44.34 5018.57
34 44.34 5176.73
34 44.72 5459.66
34 44.72 5726.77
35 41.07 7443.76
35 41.07 7312
35 38.21 7000.12
35 33.74 6893.75
35 33.74 6810.78
35 33.74 6436.68
35 31.24 6372.83
35 51.26 6323.17
35 31.24 6331.88
35 31.24 6298.17
35 31.24 6590.11
35 31.24 6585.72
35 40.04 5628.15
35 44.03 5976.77
35 44.12 6385.33
35 44.5 7014.97
35 46.6 7367.67
35 46.68 7737.56
36 46.05 5885.32
36 45.42 5719.33
36 45.07 5555.75
36 45.07 5417.81
36 45.07 5326.82
36 45.07 5274.82
36 45.07 5245.15
36 45.07 5217.34
36 45.07 5204.67
36 45.07 5200
36 45.07 5208.5
36 45.07 5205.6
36 42.87 5705.59
36 44.11 5991.1
36 50.07 6529.98
36 53.74 7700.76
36 50.57 8032.53
36 78.34 8746.59
37 42.98 6380.74
37 42.97 6109.87
37 39.46 5850.07
37 38.78 5496.71
37 38.42 5395.25
37 38.42 5345.27
37 38.42 5275.92
37 38.42 5250.03
37 38.42 5240.76
37 38.42 5205.66
37 38.42 5426.42
37 38.42 5337.56
37 34.78 5668.98
37 39.19 5914.37
37 43.11 6742.32
37 45.11 7268.85
37 47.58 7608.39
37 47.58 7919.96
38 42.81 5762.26
38 38.12 5623.87
38 38.12 5446.12
38 37.77 5323.77
38 37.77 5235.22
38 37.77 5169.27
38 37.77 5126.34
38 37.77 5097
38 37.77 5075.68
38 37.77 5074.12
38 37.77 5103.09
38 37.77 5111.1
38 37.89 4991.9
38 38.99 5535.32
38 45.79 6263.18
38 56.49 6728.98
38 63.83 7041.07
38 61.05 7396.33
39 45.7 5525.25
39 45.7 5362.69
39 45.7 4863.99
39 42.13 4725.91
39 17.26 4621.14
39 17.26 4361.31
39 17.26 4322.54
39 17.26 4312.81
39 17.26 4301.08
39 45.7 4299.78
39 17.26 4345.94
39 17.26 4331
39 28.44 3709.24
39 28.44 4154.28
39 39.09 4899.43
39 45.16 5842.59
39 39.09 5546.32
39 43.16 6452.01
40 37.52 6230.12
40 37.52 5780.4
40 36.95 5574.4
40 36.95 5413.78
40 36.95 5349.04
40 36.95 5288.23
40 36.95 5224.12
40 36.95 5160.21
40 36.95 5132.41
40 36.95 5094.26
40 36.95 5215.4
40 36.95 5245.38
40 47.03 5385.61
40 47.03 5971.22
40 53.78 6421.81
40 54.66 7199.98
40 55.19 7769.16
40 56.64 8245.2
41 88.17 6195.72
41 88.17 5859.84
41 75.83 5709.9
41 75.83 5355.39
41 72.12 5316.27
41 75.83 5207.15
41 75.83 5120.88
41 72.12 5070.96
41 72.12 5024.01
41 71.71 4993.75
41 71.71 4906.49
41 71.71 4855.53
41 43.39 4806.38
41 43.4 4856.05
41 44.37 5039.92
41 44.37 5182.19
41 44.9 5390.65
41 45.4 5886.64
42 46.44 5946.85
42 46.44 5506.62
42 45.18 5335.24
42 43.32 5171.69
42 43.32 5067.26
42 39.58 4992.07
42 39.58 4919.31
42 39.58 4842.71
42 39.58 4778.82
42 39.58 4749.98
42 39.58 4718.43
42 39.58 4652.98
42 47.89 5252.39
42 43.69 5363.78
42 49 5556.82
42 51.72 5812.88
42 52.97 6020.67
42 55.78 6752.53
43 49.76 6874.16
43 49.76 6356.84
43 49.4 6023.71
43 49.4 5876.35
43 49.4 5748.83
43 48.19 5677.72
43 48.19 5672.85
43 48.19 5599.03
43 48.19 5590.11
43 48.19 5579.7
43 49.4 5562.8
43 47.15 5406.21
43 41.18 5436.3
43 41.18 5662.75
43 47.17 6295.46
43 48.14 6805.28
43 52.03 7174.45
43 52.03 7930.56
44 38.86 6339.92
44 38.86 6084.56
44 38.5 5673.26
44 38.5 5361.85
44 38.5 5273.14
44 38.5 5202.49
44 38.5 5128.77
44 38.5 5099.49
44 38.5 5081.49
44 38.5 5068.92
44 38.5 5029.86
44 38.5 5035.13
44 36.89 5076.28
44 41.31 5585.16
44 46.69 6108.76
44 48.1 6675.31
44 52.18 7028.3
44 52.18 7424.09
45 38.73 5554.3
45 38.73 5244.25
45 36.53 5045.59
45 36.53 4895.99
45 32.73 4783.86
45 28.64 4605.68
45 28.64 4476.47
45 28.64 4447.55
45 32.55 4413.76
45 32.56 4403.09
45 32.6 4345.11
45 36.53 4354.04
45 38.48 4657.3
45 38.48 5346.86
45 38.48 5539.8
45 41.49 5763.33
45 46.47 5996.5
45 49.56 6933.02
46 40.04 5914.1
46 39.67 5677.18
46 39.67 5521.28
46 39.23 5266.55
46 39.67 5180.6
46 39.23 4905.41
46 37.76 4864.16
46 37.76 4841.9
46 39.23 4841.73
46 39.67 4866.31
46 39.23 4877.53
46 37.76 4911.26
46 39.67 5388.95
46 41.7 5636.03
46 49.47 6052.09
46 49.65 6740.54
46 49.7 7099.8
46 53.6 7525.71
47 59.07 6975.86
47 53.49 6699.38
47 50.98 6554.93
47 50.98 6033.11
47 50.62 5908.86
47 50.62 5839.63
47 50.62 5765.3
47 50.62 5697.15
47 50.62 5671.67
47 50.62 5645.67
47 50.62 5651.21
47 50.62 5578.02
47 38.52 5350.85
47 38.52 5361.2
47 38.88 5478.27
47 38.88 5589.99
47 38.88 5735.81
47 40.87 5867.51
48 43.28 5693.95
48 43.28 5394.71
48 43.28 5232.45
48 43.28 5121.22
48 43.28 5035.61
48 43.28 4944.07
48 43.28 4911.52
48 43.28 4893.94
48 43.28 4887.93
48 43.28 4908.3
48 43.28 4939.31
48 43.28 4714.9
48 38.67 5213.31
48 39.39 5472.33
48 44.74 5786.84
48 47.47 6387.09
48 56.57 6846.49
48 60.23 7132.22
49 51.29 6194.59
49 51.29 5929.61
49 50.92 5755.42
49 50.92 5590.09
49 50.92 5486.49
49 50.92 5421.41
49 50.92 5374.82
49 50.92 5352.45
49 50.92 5344.24
49 50.92 5367.73
49 50.92 5385.99
49 50.92 5356.46
49 41.87 4966.53
49 46.44 5488.06
49 51.28 6018.83
49 52.29 6432.07
49 53.1 6800.39
49 53.32 7116.36
50 47.3 5361.15
50 47.11 5203.62
50 41.46 4912.34
50 41.1 4760.37
50 41.1 4481.93
50 41.1 4271.1
50 41.1 4204.75
50 41.1 4157
50 41.1 4116.49
50 41.1 4103.49
50 41.1 4027.67
50 41.1 3921.02
50 30.23 4565.86
50 38.42 4628.61
50 38.42 4706.86
50 38.42 4833.68
50 33.96 4998.81
50 43.6 5213.73
51 50.34 6244.93
51 48.92 6110.73
51 47.42 5882.39
51 47.42 5602.4
51 47.42 5422.22
51 47.42 5350.1
51 47.42 5290.65
51 47.42 5263.34
51 47.05 5246.64
51 47.42 5267.34
51 47.42 5273.38
51 47.42 5242.08
51 39.28 5353.98
51 41.22 5691.43
51 43.36 6197.89
51 45.32 6672.86
51 45.72 6991.37
51 49.27 7479.25
52 54.23 5719.79
52 54.71 5352.44
52 51.51 5004.27
52 47.32 4866.02
52 46.96 4764.39
52 46.96 4656.98
52 44.44 4595.65
52 46.96 4565.27
52 46.96 4543.35
52 44.44 4509.33
52 49.48 4438.26
52 46.96 4394.94
52 48.35 4906.97
52 48.35 4930.43
52 52.66 5409.98
52 56.99 5621.32
52 57.78 6200.09
52 57.81 6549.88
53 43.15 6088.43
53 42.55 5878.16
53 42.52 5734.85
53 42.52 5525.69
53 42.52 5431.29
53 41.53 5349.55
53 41.53 5283.2
53 41.53 5246.91
53 41.53 5253.04
53 41.53 5251.29
53 42.52 5314.4
53 42.52 5312.65
53 42.98 5395.59
53 42.98 5605.82
53 45.19 6042.58
53 45.5 6675.42
53 47.61 7161.56
53 48.85 7524.45
54 47.13 6264.09
54 43.77 6119.2
54 40.11 5965.35
54 40.11 5836.7
54 40.11 5771.76
54 40.11 5691.96
54 40.11 5639.12
54 39.97 5595.38
54 40.11 5590.02
54 40.11 5605.37
54 40.11 5659.05
54 40.11 5638.68
54 43.82 5066.67
54 44.13 5262.93
54 45.83 5469.42
54 45.85 5798.35
54 46.32 6005.31
54 55.95 6253.49
55 47.01 6153.41
55 44.93 5928.03
55 43.83 5662.06
55 40.22 5480.96
55 37.65 5327.67
55 37.65 5194.57
55 36.29 5086.08
55 35.62 5024.59
55 31.56 4834.21
55 31.58 4795.96
55 31.6 4977.73
55 25.46 4963.8
55 35.61 5020.72
55 37.72 5208.24
55 44.39 5649.95
55 44.72 5988.65
55 47.08 6317.37
55 47.29 6711.42
56 44.98 6158.14
56 43.27 5912.98
56 43.27 5744.81
56 43.27 5545.93
56 43.27 5473.39
56 41.33 5399.74
56 41.48 5357.99
56 39.84 5342.62
56 43.27 5352.21
56 43.27 5347.38
56 43.27 5392.55
56 43.27 5441.14
56 46.37 5804.59
56 49.64 6154.03
56 51.82 6656.51
56 54.91 7260.85
56 56.99 7769.82
56 57.06 8231.18
57 39.95 6059.68
57 39.57 5772.34
57 38.11 5309.41
57 36.84 5175.45
57 36.84 5057.56
57 36.84 5001.91
57 36.84 4965.83
57 35.46 4971.28
57 35.46 4908.06
57 36.84 4808.18
57 36.84 5353.19
57 36.84 5182.15
57 38.09 5255.96
57 44.08 5712.78
57 45.46 6075.71
57 47.3 6553.3
57 47.8 6888.28
57 69.83 7349.05
58 61.6 5689.11
58 58.87 5227.42
58 60.12 5057.82
58 60.12 4945.57
58 60.12 4876.84
58 60.12 4824.76
58 60.12 4798.16
58 60.12 4790.77
58 60.12 4808.87
58 60.12 4728.57
58 63.08 5005.39
58 60.12 4992.55
58 39.95 5149.75
58 44.99 5669.07
58 47.41 6066.83
58 47.77 6655.93
58 68.63 7015.49
58 74.18 7623.15
59 45.65 6074.67
59 45.41 5913.66
59 45.41 5791.2
59 44.35 5612.73
59 44.02 5553.31
59 42.81 5473.24
59 42.81 5431.53
59 42.81 5402.77
59 42.81 5418.16
59 42.81 5442.45
59 42.81 5481.06
59 42.81 5490.25
59 54.79 6578.54
59 55.18 7005.49
59 56.27 7422.02
59 57.71 7740.46
59 60 8047.46
59 60 8340.38
60 57.24 6303.16
60 50.73 6116.27
60 50.73 5921.05
60 49.42 5757.89
60 49.42 5312.82
60 49.42 5116.57
60 49.04 5070.62
60 49.04 5019.2
60 49.04 5004.39
60 48.88 4995.56
60 49.58 5165
60 49.42 5194.3
60 40.5 5944.95
60 40.5 6006.77
60 41.88 6018.33
60 48.43 6303.36
60 49.49 6567.98
60 50.01 6896.68
61 55.56 7800.38
61 55.56 7651.27
61 55.56 7570.91
61 55.56 7505.22
61 55.56 7442.39
61 55.56 7369.6
61 55.56 7215.07
61 55.56 7323.97
61 55.56 7350.09
61 55.56 7372.19
61 55.56 7543.41
61 55.56 7863.94
61 48.32 5819.27
61 50.33 6373.4
61 50.33 6782.13
61 53.05 7178.57
61 80.72 7442.72
61 84.64 8233.38
62 51.51 6530.72
62 43.68 5848.15
62 41.8 5609.69
62 41.8 5361.79
62 40.34 5289.73
62 43.26 5192.33
62 41.44 5098.84
62 41.44 4992.55
62 38.21 5117.62
62 43.68 5047.16
62 43.68 5211.74
62 41.8 5237.08
62 47.16 5317.74
62 48.37 5855.15
62 51.4 5996.17
62 59.1 6093.53
62 60.52 6328.54
62 60.63 6861.85
63 38.16 6725.34
63 34.77 6188.94
63 34.77 6244.28
63 34.77 6157.73
63 34.77 5880.42
63 32.13 5806.11
63 34.77 5775.79
63 34.77 5758.28
63 34.77 5749.64
63 34.77 5751.14
63 32.13 6008.6
63 32.13 6098.76
63 32.06 4521.95
63 39.42 5395.32
63 49.55 6327.06
63 49.55 6784.38
63 48.33 8047.85
63 49.55 8262.07
64 46.55 6041.85
64 46.19 5866.66
64 46.19 5642.1
64 46.19 5513.54
64 46.19 5256.9
64 46.19 5180.88
64 46.19 5110.5
64 46.19 5026.04
64 46.19 5004.64
64 46.19 5014.08
64 46.19 5084.55
64 46.19 5127.25
64 45.71 5481.8
64 46.41 5610.99
64 46.41 5761.34
64 46.41 5944.6
64 48.63 6246.08
64 61.52 7404.78
65 40.61 5551.38
65 40.61 5399.24
65 40.61 5071.26
65 40.61 4769.34
65 40.61 4686.67
65 40.61 4605.77
65 39.09 4531.65
65 39.07 4492.58
65 39.12 4477.13
65 39.11 4476.71
65 39.09 4488.37
65 39.05 4501.53
65 34.32 4142.4
65 34.32 4207.73
65 34.32 4276.77
65 34.32 4417.89
65 34.32 4562.26
65 40.01 5426.17
66 49.66 6264
66 43.29 6180.52
66 43.29 6000.56
66 43.29 5774.41
66 43.29 5684.24
66 43.29 5633.09
66 43.29 5578.36
66 43.29 5525.39
66 43.29 5523.51
66 43.29 5522.55
66 49.3 5612.41
66 49.3 5903.84
66 42.51 5498
66 42.51 5905.52
66 53.54 6300.29
66 55.95 7318.69
66 56.11 7587.3
66 55.49 7740.62
67 42.51 5853.33
67 42.51 5759.93
67 42.51 5570.93
67 42.51 5459.11
67 40.64 5371.38
67 40.64 5314.4
67 40.64 5270.25
67 40.64 5170.62
67 40.64 5172.65
67 40.64 5245.72
67 42.51 5303.03
67 42.51 5508.16
67 57.05 6209.6
67 57.85 7959.39
67 59.55 8400.73
67 67.21 8809
67 67.23 9088.76
67 67.29 9518.06
68 44.55 5781.02
68 44.21 5645.38
68 44.21 5471.42
68 44.21 5307.08
68 44.21 5113.46
68 44.21 5014.9
68 44.21 4962.56
68 44.21 4930.63
68 44.21 4907.09
68 44.21 4900.19
68 44.21 4963.53
68 44.21 5176.64
68 38.66 5603.42
68 39.26 5905.78
68 49.12 7020.57
68 51.03 7480.67
68 51.03 8248.73
68 55.23 8405.56
69 49.12 6314.03
69 48.3 6480.49
69 39.26 5969.55
69 38.66 5291.53
69 38.66 5213.48
69 38.66 5098.72
69 38.66 4994.6
69 38.66 4967.07
69 38.01 4959.55
69 38.66 4947.16
69 38.66 4991.46
69 38.66 5034.15
69 37.67 5093.11
69 38.86 5310.43
69 40 6010.63
69 48.66 6095.04
69 48.66 6357.25
69 50.5 6739.27
70 49.1 5662.4
70 49.1 5517.1
70 49.1 5362.29
70 48.74 5263.66
70 48.74 5162.48
70 48.74 5101.14
70 48.74 5078.81
70 48.74 5047.46
70 48.74 5049.12
70 48.74 5044.74
70 49.1 5093.32
70 48.48 4754.65
70 69.4 5400.22
70 70.13 5732.03
70 83.42 6326.84
70 85.8 7285.47
70 83.46 7524.98
70 83.01 7607.32
71 69.4 5653.86
71 69.4 5562.81
71 69.66 5432.8
71 69.93 5294.02
71 69.93 5203.51
71 69.93 5133.79
71 69.93 5052.4
71 69.93 5028.38
71 69.93 5013.58
71 69.93 5029.04
71 69.93 5095.76
71 69.93 5189.39
71 37.52 5544.05
71 39.18 5904.44
71 51.2 6974.41
71 52.88 7492.79
71 57.49 7755.04
71 57.49 7853.27
72 40.25 6382.48
72 38.35 5794.54
72 38.35 5479.24
72 38.35 5313.11
72 37.99 5222.99
72 37.99 5062.82
72 36.8 4974.16
72 39.18 4919.69
72 38.35 4876.48
72 37.99 4880.46
72 37.99 4831.62
72 37.99 4988.29
72 39.03 4942.26
72 39.03 5046.04
72 39.03 5225.65
72 39.66 5329.08
72 48.21 5535.43
72 50.61 5920.55
73 48.21 6167.63
73 48.21 5945.41
73 39.66 5248.42
73 39.66 5143.23
73 39.03 5005.36
73 36.89 4895.9
73 39.03 4810.68
73 38.14 4724.79
73 38.14 4653.56
73 38.14 4631.05
73 38.14 4649.19
73 38.14 4641.52
73 50.41 5793.71
73 50.41 5838.55
73 50.41 5973.2
73 50.41 6024.69
73 50.41 5963.8
73 51.7 6588.13
74 37.85 5833.64
74 37.85 5744.36
74 37.85 5629.89
74 37.5 5519.62
74 37.5 5452.82
74 37.5 5400.22
74 37.5 5195.45
74 37.5 5143.99
74 37.5 5141.35
74 37.5 5185.8
74 37.5 5374.54
74 37.85 5433.97
74 37.06 5530.9
74 46.93 5873.16
74 51.57 7089.75
74 51.86 7741.91
74 51.86 8034.32
74 51.86 8117.93
75 37.06 5788.29
75 36.72 5715.83
75 36.72 5465.77
75 36.72 5346.74
75 36.72 5244.27
75 36.72 5172.27
75 36.72 5128.84
75 36.72 5083.96
75 36.72 5064.36
75 36.72 5073.55
75 36.72 5157.69
75 36.72 5239.13
75 37.47 5618.76
75 46.83 6400.87
75 51.74 7033.19
75 52.01 7730.28
75 58.06 7913.16
75 58.06 8017.17
76 65.41 8313.9
76 62.95 8107.17
76 62.95 7926.93
76 62.85 6981.44
76 52.94 6899.13
76 47.92 6811.59
76 52.94 6761.67
76 52.94 6673.91
76 52.94 6658.65
76 52.94 6544.6
76 52.94 6645.55
76 52.94 6704.2
76 51.26 6675.75
76 52.87 6963.11
76 52.87 7777.36
76 53.89 8031.5
76 53.89 8289.83
76 54.28 8623.33
77 46.83 6400.39
77 46.58 5945.83
77 46.58 5677.17
77 46.23 5552.26
77 46.23 5473.07
77 46.23 5371.99
77 46.23 5299.48
77 46.23 5311.99
77 46.23 5318.91
77 46.23 5311.61
77 46.23 5363.84
77 46.58 5454.32
77 48.78 5772.23
77 57.69 6339.24
77 72.24 6649.16
77 73.78 7898.98
77 75.52 8228.65
77 78.63 8591.08
78 42.88 5566.38
78 42.88 5414.15
78 42.88 5281.18
78 42.88 5180.59
78 42.88 5088.56
78 42.88 4958.7
78 42.52 4888.94
78 42.52 4858.05
78 42.88 4864.92
78 42.88 4835.71
78 42.88 4936.44
78 42.88 4975.12
78 38.7 5060.39
78 39.07 5099.95
78 39.07 5160.19
78 39.07 5216.18
78 40.06 5218.57
78 41.03 5394.49
79 50.56 7059.45
79 49.44 6287.02
79 42.61 6094.88
79 41.55 5864.74
79 41.55 5729.32
79 40.64 5540.51
79 40.64 5490.62
79 40.64 5420.7
79 40.64 5423.9
79 40.64 5428.73
79 41.55 5457.88
79 41.55 5614.66
79 39.95 5842.18
79 39.95 6749.04
79 52.02 7337.73
79 53.61 7794.13
79 53.61 7905.43
79 53.61 7947.66
80 52.39 7147.83
80 51.71 6835.04
80 50.18 6662.27
80 40.67 6441.41
80 40.67 5708.99
80 40.67 5565.27
80 39.95 5397.75
80 39.95 5311.99
80 38.72 5182.56
80 38.72 5149.52
80 39.95 5279
80 39.95 5305.57
80 38.2 5309.28
80 38.2 5431.96
80 39.41 5585.59
80 49.66 6328.61
80 50.12 6404.91
80 51.15 6653.15
81 37.91 6912.44
81 37.91 6417.33
81 37.91 6299.44
81 37.91 5442.43
81 37.91 4908.53
81 37.91 3927.28
81 37.91 3899.4
81 37.91 3874.5
81 37.91 3859.46
81 37.91 3861.86
81 37.91 5236.44
81 37.91 6114.51
81 38.28 5057.07
81 39.61 5040.09
81 52.84 6631.36
81 56.29 7386.84
81 58.62 8157.82
81 59.16 8287.06
82 62.41 7119.77
82 61.87 6316.87
82 53.37 6068.2
82 53.29 5973.41
82 50.9 5720.38
82 46.83 5525.85
82 46.83 5456.99
82 46.83 5410.28
82 46.83 5423.58
82 45.5 5394.56
82 48.16 5427.17
82 46.83 5513.59
82 51.06 6004.64
82 55.66 6909.03
82 69.56 7699.28
82 77.12 8880.26
82 77.83 8895.86
82 74.51 9199.01
83 37.61 6032.69
83 37.61 5710.52
83 37.26 5556.98
83 37.26 5435.27
83 37.26 5304.38
83 34.56 5030.2
83 34.56 5047.69
83 37.26 4894.45
83 36.33 4844.54
83 32.34 4831.28
83 37.26 5292.59
83 32.34 5052.79
83 37.61 5475.51
83 39.48 5951.82
83 51.82 7178.56
83 53.84 7788.35
83 54.68 8078.37
83 54.31 8162.59
84 39.72 7247.59
84 39.72 6952.14
84 37.57 6156.9
84 37.57 5877.28
84 37.22 5695.27
84 37.22 5410.23
84 37.22 5229.64
84 37.22 5174.97
84 37.22 5169.91
84 36.81 5174.43
84 37.22 5183.94
84 32.94 5261.75
84 41.45 5612.77
84 39.72 5615.25
84 52.05 7222.09
84 59.21 7917.07
84 63.77 8356.44
84 62.49 8392.96
85 38 6817.59
85 36.96 6520.9
85 38.68 6107.5
85 38 5883.98
85 37.64 5769.37
85 37.64 5657.42
85 37.64 5553.8
85 37.64 5529.62
85 37.64 5550.98
85 37.64 5494.59
85 37.64 5548.19
85 36.96 5590.87
85 49.73 5925.59
85 49.73 6243.6
85 53.42 7426.83
85 57.38 8083.29
85 58.92 8466.32
85 58.59 8697.73
86 26.42 6002.83
86 34.02 5621.45
86 0 5356.79
86 26.42 5200.26
86 20.45 5129.36
86 1.77 4888.94
86 1.77 4697.13
86 0 4659.08
86 15.33 4946.26
86 20.02 4920.58
86 20.55 4926.72
86 34.02 5222.03
86 38.38 5434.8
86 46.66 6331.04
86 53.21 7199.82
86 55.99 7743.8
86 54.5 8188.7
86 54.43 8140.76
87 41.2 8012.03
87 40.85 7554.91
87 40.85 6702.41
87 37.46 6534.53
87 35.23 6355.37
87 35.23 6275.07
87 35.23 6236.71
87 35.23 6101.67
87 35.23 6089.6
87 40.85 6092.44
87 35.23 6173.22
87 41.2 6204.32
87 37.74 6337.46
87 37.74 6425.56
87 37.74 6646.2
87 37.74 7094.37
87 37.74 6145.68
87 37.74 6142.82
88 52.7 6064.59
88 39.42 6316.38
88 37.24 5177.01
88 36.89 4905.45
88 36.89 4777.03
88 36.89 4586.35
88 36.89 4396.37
88 36.89 4312.53
88 36.89 4225.79
88 36.89 4097.14
88 36.89 4050.27
88 36.89 4035.37
88 29.64 3622.64
88 29.64 3659.59
88 29.64 3728.26
88 29.64 3822.14
88 29.64 3876.98
88 29.64 3891.98
89 44.69 6539.48
89 40.11 6331.33
89 44.69 6129.13
89 44.69 6012.3
89 39.55 5898.96
89 35.48 5791.47
89 35.17 5738.05
89 35.48 5735.55
89 35.48 5773.75
89 33.03 5677.96
89 44.69 5791.04
89 44.69 5727.24
89 30.59 5679.06
89 37.48 6001.9
89 49.74 7201.59
89 50.84 8061.1
89 50.84 8995.9
89 50.84 9170.6
90 48.83 7483.47
90 40.48 7147.04
90 40.48 6955.08
90 37.48 6607.95
90 37.48 6426.96
90 36.72 6336.47
90 36.72 6240.13
90 36.72 6182.3
90 36.72 6191.72
90 36.72 6143.31
90 36.72 6163.01
90 37.48 6230.05
90 49.86 6317.28
90 50.29 7042.89
90 53.04 7681.06
90 69.78 8782.2
90 64.43 9727.85
90 64.42 9827.32
91 39.85 6348.01
91 39.85 6144.83
91 39.85 5973.03
91 38.91 5870.95
91 38.91 5766.25
91 38.91 5642.28
91 38.91 5607.26
91 38.91 5583.57
91 38.91 5575.17
91 39.85 5579.93
91 41.98 5807.33
91 39.85 5787.92
91 50.57 6290.53
91 51.43 7456.47
91 92.82 8132.56
91 107.06 9289.26
91 139.05 9734.38
91 97.77 9625.05
92 52.58 6655
92 52.1 6412.4
92 51.77 6253.8
92 50.39 6049.93
92 47.64 5947.35
92 47.64 5877.35
92 47.64 5612.21
92 47.64 5588.99
92 47.64 5555.16
92 47.64 5717.83
92 47.64 5745.81
92 47.64 5590.61
92 36.1 5160.21
92 36.1 5647.34
92 45.69 7208.28
92 65.57 7912.32
92 65.66 8422.26
92 65.66 8575.14
93 48.9 7279.22
93 48.9 7043.5
93 48.9 5971.11
93 48.9 5611.87
93 45.69 5386.02
93 44.62 5282.62
93 44.62 5156.93
93 44.62 5048.32
93 44.62 5011.5
93 44.62 4953.04
93 44.62 4938.97
93 44.62 4892.63
93 34.83 5016.05
93 35.59 5138.75
93 35.59 5440.78
93 35.59 6512.01
93 43.17 6634.87
93 50.86 6854.89
94 58.43 7330.67
94 55.88 6959.39
94 53.19 6649.7
94 42.02 6504.96
94 43.99 5488.19
94 43.99 5332.32
94 42.02 5084.43
94 41.7 4992.06
94 43.99 4877.15
94 41.26 4817.86
94 41.26 4812.88
94 41.26 4782.9
94 52.45 4783.94
94 52.45 4765.61
94 52.45 4846.86
94 52.45 4889.07
94 52.45 5022.7
94 52.45 5061.65
95 49.71 7947.73
95 49.18 7610.27
95 49.18 7444.44
95 49.18 6793.2
95 49.18 6626.87
95 35.43 6515.49
95 35.43 6093.29
95 35.43 6048.97
95 34.65 5975.69
95 34.65 5933.58
95 35.43 5976.16
95 42.4 6017.01
95 48.63 6312.86
95 49.65 7126.43
95 58.16 7710.87
95 61.79 8373.44
95 66.09 9235.54
95 61.79 9210.68
96 44.28 6832.42
96 44.28 6574.03
96 44.28 6498.22
96 44.28 6380.49
96 44.28 6326.06
96 44.28 6268.85
96 44.28 6231.02
96 44.28 6186.17
96 44.28 6157.78
96 44.28 6094.46
96 44.28 6085.18
96 43.34 6033.45
96 38.21 6520.04
96 51.27 6972.53
96 53.11 7452.49
96 54.35 10799.5
96 54.35 9485.27
96 53.11 9288.24
97 32.61 6514.25
97 28.36 6140.08
97 32.61 6260.37
97 28.36 5789.83
97 28.36 6019.41
97 28.36 6012.68
97 28.36 5598.36
97 28.36 5564.95
97 28.36 5467.72
97 28.36 5426.43
97 28.36 5693.49
97 28.36 6016.34
97 28.57 5138.06
97 33.36 5538.21
97 47.31 6152.74
97 47.31 7838
97 47.31 8122.86
97 47.31 8233.19
98 57.07 7421.96
98 49.24 7189.04
98 47.98 7044.2
98 47.98 6901.17
98 47.98 6737.5
98 43.19 6308.18
98 43.19 5973.18
98 43.19 5924.69
98 43.19 5940.64
98 43.19 5880.09
98 43.19 6664.68
98 47.98 6742.7
98 42.02 5973.21
98 48.21 7184.06
98 49.28 7709.47
98 51.13 8281.91
98 51.13 8892.43
98 51.13 9001.97
99 36.06 7311.98
99 34.78 6757.81
99 34.5 6605.02
99 34.5 6384.72
99 34.18 6251.58
99 34.18 6194.86
99 34.18 6173.43
99 34.18 6142.45
99 34.18 6121.74
99 34.18 6082.18
99 34.18 6071.84
99 34.5 6146.34
99 34.43 5683.53
99 38.93 5988.69
99 48.81 6942.33
99 49.92 7621.8
99 49.92 7712.08
99 49.92 7861.4
100 45.49 7955.7
100 45.01 7749.4
100 45.01 7123.69
100 45.01 6742.39
100 44.7 6604.94
100 44.7 6535.42
100 44.7 6475.48
100 44.7 6447.16
100 44.7 6441.62
100 44.53 6444.47
100 45.49 6441.5
100 45.01 6461.99
100 48.98 6726.66
100 48.98 7005.48
100 50.17 9449.57
100 51.27 9965.79
100 51.27 10230.4
100 56.28 10334.6
101 39.87 9030.44
101 39.87 8905.77
101 39.87 8789.04
101 39.87 8684.39
101 39.87 8605.64
101 39.87 8524.09
101 39.87 8502.16
101 39.87 8476.05
101 39.87 8044.8
101 39.87 8038.89
101 39.87 8488.75
101 33.71 8614.84
101 47.66 5454.61
101 35.48 5836.15
101 48.97 7060.6
101 49.31 7491.75
101 48.97 7707.9
101 48.97 7841.75
102 35.72 7521.35
102 35.48 6760.27
102 35.48 6531.11
102 34.17 6407.24
102 34.17 6296.64
102 34.17 5980.15
102 34.17 5910.41
102 34.17 5877.79
102 34.17 5866.28
102 33.85 5750.2
102 33.85 5747.49
102 34.17 5852.53
102 45.55 6479.05
102 59.84 7873.65
102 64.88 8341.75
102 66.82 8913.23
102 63.75 9099.35
102 61.99 9149.58
103 40.87 6108.37
103 40.39 5801.03
103 40.87 5781.15
103 40.5 5542.49
103 40.39 5445.13
103 40.39 5367.84
103 40.39 4934.72
103 40.39 4920.17
103 40.39 4900.35
103 40.39 4892.24
103 40.09 4910.7
103 40.87 5310.7
103 36.46 4939.91
103 36.46 5337.82
103 39.92 5738.6
103 48.81 6933.76
103 48.81 7208.06
103 48.81 7323.68
104 57.21 7238.03
104 56.88 6854.14
104 56.82 6705.13
104 56.82 6449.74
104 53.9 6304.41
104 45.33 6189.2
104 45.33 6129.76
104 41.29 6062.36
104 41.29 6033.61
104 41.29 5971.98
104 45.33 5971.76
104 45.33 5999.31
104 36.98 6250.38
104 36.98 6339.83
104 48.64 6475.93
104 48.64 6623.24
104 48.98 6710.46
104 50.26 6870.37
105 67.7 7403.03
105 66.58 7203.34
105 66.58 6817.2
105 66.58 6683.49
105 60.31 6512.98
105 51.19 6407.05
105 51.19 6336.2
105 51.19 6260.62
105 49.32 6191.35
105 49.32 6139.6
105 51.19 6251.31
105 49.32 6251.68
105 39.37 5660.35
105 43.81 5712.06
105 43.81 5755.78
105 39.37 5763.08
105 43.81 5736.12
105 46.3 5822.57
106 48.15 7126.38
106 42.94 6947.44
106 48 6841.4
106 42.94 6732.57
106 40.2 6270.44
106 40.2 5738.64
106 40.2 5675.74
106 40.2 6199.78
106 40.2 5641.2
106 40.2 6148.58
106 40.2 5618.13
106 40.2 6210.75
106 48.57 6648.65
106 49.96 7068.83
106 52.02 7526.46
106 64.89 8011.33
106 64.89 8523.81
106 73.97 8651.03
107 67.93 7221.65
107 65.56 7061.93
107 63.04 6766.1
107 63.04 6651.41
107 63.04 6744.23
107 59.6 6385.91
107 53.59 6177.81
107 53.59 6156.89
107 53.59 6137.83
107 53.59 6124.4
107 59.6 6002.3
107 63.04 6061.45
107 50.06 6796.88
107 51.13 7196.93
107 65.79 7946.1
107 68.44 8973.56
107 67.13 9289.67
107 67.13 9392.91
108 71.84 9008.11
108 71.84 7385.3
108 71.84 7264.59
108 71.84 7014.32
108 70.16 6747.08
108 70.16 6634.94
108 70.16 6578.91
108 70.16 6551.93
108 70.16 6503.52
108 70.16 6528.98
108 70.16 6459.49
108 71.84 6550.37
108 54.96 5265.47
108 55.84 5680.23
108 55.84 7407.6
108 58.54 8678.1
108 90.46 8048.71
108 90.46 8175.79
109 34.65 7108.16
109 34.65 5725.98
109 33.92 5592.2
109 32.74 5230.96
109 32.74 5018.03
109 32.74 4957.16
109 33.92 4908.08
109 33.92 4887.14
109 33.92 4950.9
109 34.65 4937.04
109 36.71 5133.15
109 51.11 5434.4
109 53.25 5393.49
109 55.28 6886.38
109 55.59 7202.17
109 68.61 8022.19
109 68.6 8402.96
109 68.6 9085.48
110 59.59 7352.33
110 55.89 7169.99
110 55.59 6913.33
110 52.26 6770.97
110 52.11 5853.38
110 52.54 6484.19
110 52.54 6427.74
110 52.54 6386.41
110 46.82 6342.89
110 46.82 5936.38
110 52.11 6282.36
110 52.11 6318.49
110 51.46 5959.19
110 51.46 6512.22
110 51.46 6600.89
110 53.11 6759.49
110 53.79 7045.63
110 82.67 7301.43
111 45.53 5896.88
111 45.52 7255.41
111 45.52 5602.07
111 45.52 5477.94
111 45.52 4732.89
111 45.52 5288.68
111 45.52 5203.9
111 32.35 4485.48
111 35.24 4435.02
111 35.24 4416.68
111 35.24 4143.94
111 35.24 4305.32
111 34.49 5845.8
111 34.49 5907.49
111 34.49 6226.35
111 45.52 6239.56
111 45.52 6306.23
111 45.52 6452.46
112 45.52 10139.8
112 45.52 8090.72
112 46.63 8288.22
112 45.52 8160.58
112 45.52 7775.94
112 45.52 7703.65
112 34.49 7634.53
112 34.49 7582.77
112 34.49 6842.75
112 34.49 6831.25
112 44.54 6814.44
112 145.72 7547.01
112 87.34 5332.23
112 94.92 5458.73
112 105.85 5558.8
112 107.86 5720.89
112 130.37 5826.76
112 124.94 6705.84
113 106.44 9886.4
113 103.55 8605.24
113 103.55 7771.16
113 97.92 8346.94
113 97.92 8280.29
113 96.06 8224.73
113 96.06 8193.78
113 82.38 8154.87
113 82.38 8139.04
113 82.38 8134.5
113 82.38 8757.62
113 96.06 8809.79
113 62.39 7679.6
113 63.92 7911.53
113 73.31 8674.79
113 73.31 9364.55
113 73.31 10157.5
113 84.27 9694.72
114 73.31 8530.39
114 73.31 8269.68
114 67.23 7825.67
114 67.03 7685.5
114 67.03 7606.75
114 67.03 7540.64
114 66.24 7079.9
114 63.5 6755.89
114 63.5 6749.05
114 66.24 6728.58
114 67.03 7452.8
114 67.03 7517.65
114 72.32 8537.14
114 72.32 8737.63
114 73.98 9220.98
114 73.38 9856.11
114 99.79 10777.7
114 101.23 11054
115 110.71 8199.42
115 110.71 7011.7
115 105.69 6850.02
115 105.69 6019.13
115 103.89 6448.81
115 105.69 5892.87
115 105.69 5816.09
115 105.69 5773.09
115 105.69 5763.71
115 105.69 5744.03
115 105.69 5845.88
115 110.71 6695.29
115 45.78 5991.75
115 45.78 6028.43
115 35.22 6188.35
115 64.7 8184.83
115 65.4 8370.17
115 65.4 8409.15
116 55.24 7614.13
116 53.86 7581.84
116 52.35 7488.16
116 55.06 7374.73
116 53.86 7304.63
116 53.86 7231.89
116 53.86 7021.75
116 53.86 7124.4
116 53.86 7016.12
116 53.86 7044.85
116 53.86 7148.03
116 55.06 7215.99
116 34.53 5677.83
116 40.86 5861.78
116 58.16 7701.62
116 58.36 8215.25
116 101.7 8819.85
116 101.7 8805.67
117 50.47 6757.03
117 50.47 6676.02
117 50.47 6018.16
117 50.47 5758
117 50.47 5682.41
117 50.47 5597.22
117 50.47 5533.53
117 50.47 5496.75
117 50.47 5505.72
117 42.9 5526.77
117 42.9 5566.9
117 50.47 5626.6
117 43.53 5482.6
117 51.87 6803.3
117 52.29 7246.34
117 53.51 7821.76
117 278.87 9317.95
117 284.97 10575.3
118 32.69 5056.84
118 32.69 5083.18
118 29.9 4989.67
118 29.9 4954.86
118 29.9 4769.61
118 29.9 4904.38
118 29.9 4721.56
118 34.36 4661.58
118 29.9 4637.71
118 29.9 4663.24
118 29.9 4542.21
118 35.57 4866.13
118 48.58 5089.19
118 48.58 6421.62
118 51.49 7124.46
118 68.26 6916.39
118 68.26 7232.55
118 69.21 7382.14
119 61.94 8879.04
119 61.8 8845.48
119 54.83 8715.15
119 49.14 8574.7
119 48.41 8445.75
119 47.46 8320.59
119 46.1 8187.49
119 46.09 8106.68
119 46.06 8033.43
119 46.06 7985.24
119 46.09 8730.43
119 46.09 8835.71
119 51.84 6170.79
119 51.84 6526.42
119 74.23 7792.68
119 75.71 8769.56
119 75.71 9114.25
119 75.71 9320.63
120 47.24 7207.65
120 46.45 7197.31
120 46.45 6906.11
120 38.1 6800.94
120 38.1 6663.75
120 38.1 6580.98
120 38.1 5649.9
120 38.1 5614.25
120 38.1 5565.29
120 38.1 5873.66
120 46.45 5610.44
120 46.45 5941.42
120 40.89 5638.83
120 40.89 5589.14
120 60.86 5829.61
120 64.66 6016.92
120 65.04 6201.76
120 65.36 6578.98
121 38.94 4714.37
121 38.94 4859.5
121 37.35 4505.43
121 39.55 4582.37
121 38.94 4397.8
121 37.35 4307.63
121 38.94 4190.17
121 38.94 4093.8
121 35.15 4100.04
121 39.55 3922.94
121 38.94 4276.5
121 39.55 4208
121 33.63 5241.43
121 47.29 5312.17
121 47.29 5373.96
121 47.29 5845.62
121 47.29 6016.61
121 47.29 6659.67
122 66.51 7064.5
122 66.51 6875.5
122 53.28 6929.64
122 53.28 6840.61
122 52.76 6772.94
122 52.76 6678.46
122 52.76 6449.01
122 50.79 6383.34
122 50.79 6322.7
122 50.79 6158.86
122 50.79 6448.44
122 50.79 6465.04
122 50.52 5398.8
122 51.07 5640.35
122 67.43 5965.67
122 77.96 7640.59
122 89.61 8016.89
122 83.66 8191.71
123 31.75 5291.37
123 31.75 5602.54
123 31.75 5285.62
123 31.46 5208.51
123 31.46 5123.97
123 31.46 4795.57
123 31.46 4752.99
123 31.46 5161.98
123 27.63 4956.37
123 34.52 4777.2
123 34.52 5233.51
123 34.52 5105.83
123 41.27 6298.25
123 53.65 6913.89
123 59.23 8114.84
123 62.01 9035.22
123 65.43 8836.08
123 60.99 9490.51
124 33.54 4662.96
124 33.54 4628.8
124 34.28 4539.54
124 33.54 4488.53
124 30.83 4186.45
124 30.83 4080.13
124 30.83 3995.58
124 30.83 3913.83
124 30.83 3899.82
124 30.83 3894
124 30.83 3856.58
124 30.8 3840
124 33.45 5736.67
124 33.45 5606.88
124 33.45 5535.78
124 33.45 5971.42
124 33.45 5892.28
124 33.45 6320.25
125 97.12 5185.06
125 97.12 5159.77
125 90.39 5125.8
125 87.07 5102.04
125 88.45 5013.75
125 81.06 4745.67
125 75.57 4720.43
125 57.18 4678.76
125 57.18 4680.08
125 57.18 4641.87
125 57.18 4660.43
125 55.41 4649.42
125 65.79 4558
125 67.06 4620.9
125 67.06 4782.46
125 67.06 4927.83
125 67.06 6133.71
125 69.2 6645.98
126 60.22 5168.76
126 60.22 5121.37
126 60.22 5032.25
126 60.22 5005.2
126 60.22 4900.06
126 58.02 4854.65
126 58.02 4798.43
126 54.32 4751.64
126 60.22 4788.36
126 66.56 4822.22
126 65.5 4905.15
126 64.23 5028.21
126 33.93 4710.01
126 33.93 5750.44
126 46.97 6424.11
126 48.46 10245.9
126 68.7 7180
126 77.52 9969.26
127 89.24 6822.58
127 74.12 6754.06
127 73.51 6638.78
127 73.51 6580.08
127 73.28 6499.21
127 73.28 6349.38
127 73.28 6301.09
127 73.28 6297.28
127 73.28 6303.07
127 73.28 6327.55
127 73.51 6348.11
127 73.51 6513.46
127 47.92 6100.5
127 49.5 6419.79
127 55.62 7450.79
127 56.17 7952.88
127 95.86 7736.53
127 95.86 8490.14
128 41.2 5586.38
128 41.2 5475.33
128 41.2 5375.66
128 41.2 5326.07
128 40.91 5235.12
128 40.91 5187.08
128 40.91 5162.36
128 40.91 5117.49
128 40.91 5107.93
128 40.91 5085.42
128 36.9 5126.55
128 40.8 5189.48
128 58.76 5783.67
128 58.76 6088.04
128 59 7470.07
128 65.54 7910.74
128 65.65 8237.68
128 67 8428.49
129 40.84 5503.75
129 40.84 5381.21
129 40.84 5273.69
129 40.84 5212.23
129 37.05 5133.17
129 37.05 5089
129 37.05 5069.51
129 37.05 4805.66
129 37.05 4789.75
129 37.05 4785.41
129 37.05 5095.8
129 37.05 5143.96
129 57.05 6102.31
129 56.16 6286.46
129 67.77 6799.48
129 97.57 8274.42
129 96.11 7499.39
129 87.17 8743.21
130 69.21 5250.01
130 52.45 5132.4
130 52.07 4979.78
130 52.07 4904.39
130 52.07 4644.45
130 51.11 4581.09
130 50.23 4531.66
130 50.23 4505.74
130 50.23 4466.94
130 50.23 4502.65
130 50.23 4528.39
130 50.23 4562.77
130 45.09 4875.83
130 56.7 5881.7
130 60.62 6196.43
130 64.02 6679.91
130 70.26 6835.49
130 66.06 7632.59
131 54.97 5778.48
131 54.97 5620.76
131 54.37 5373.44
131 48.48 5283.76
131 48.48 5184.2
131 48.48 5120.82
131 48.48 5092.19
131 48.48 5047.6
131 48.48 5042.59
131 54.37 5111.65
131 54.37 5138.95
131 54.37 5231.39
131 32.97 4813.6
131 32.97 5324.43
131 43.36 6242.13
131 47.55 6880.38
131 49.15 7377.35
131 49.68 8298.81
132 40.6 5324.93
132 39.4 5070.74
132 39.4 4916.99
132 39.4 4821.42
132 39.4 4743.36
132 39.4 4691.84
132 39.12 4652.22
132 39.12 4605.43
132 39.12 4584.31
132 39.12 4605.5
132 37.92 4624.66
132 40.3 4698.46
132 33.1 5929.45
132 43.52 6568.92
132 44.45 7554.5
132 45.37 8036.58
132 89.77 8612.99
132 89.85 9074.79
133 50.25 5659.2
133 38.91 5378.66
133 38.16 5238.9
133 38.16 5118.42
133 38.16 4995.73
133 38.16 4930.08
133 37.88 4873.07
133 37.88 4785.68
133 37.88 4754.02
133 37.88 4802.62
133 37.88 4754.35
133 31.72 4825.73
133 51.33 5559.22
133 52.62 6420.61
133 63.79 6771.81
133 72.94 7786.13
133 91.78 7361.94
133 80.2 8280.32
134 70.33 7263.35
134 70.33 7150.65
134 70.33 7016.28
134 63.75 6949.39
134 63.75 6848.32
134 63.75 6793.14
134 63.75 6755.4
134 63.75 6697.08
134 63.75 6699.78
134 72.12 6740.57
134 67.76 6702.93
134 72.12 6816.2
134 32.91 4898.58
134 44.47 5983.25
134 46 6416.33
134 49.5 7591.53
134 64.04 7741.95
134 66.19 8781.03
135 30.36 5272.44
135 30.36 4387.08
135 30.36 4133.37
135 25.15 3984.39
135 25.15 3851.53
135 30.36 3786.04
135 30.36 3374.51
135 25.15 3297.28
135 25.15 3231.71
135 25.15 3233.97
135 25.15 2870.43
135 30.36 3538.32
135 28.64 3962.55
135 28.64 4103.69
135 32.28 4624.13
135 36.41 4858.23
135 41.56 5298.15
135 46.64 5533.61
136 30.63 3996.57
136 30.63 3870.47
136 21.54 3740.63
136 19.99 3547.28
136 19.99 3428.39
136 22.55 3362.4
136 19.99 3305.83
136 21.54 2905.43
136 21.54 2856.32
136 21.54 2856.74
136 21.54 2730.2
136 21.54 2755.4
136 17.06 2643.02
136 18.44 2624.33
136 18.55 2864.54
136 21.54 3097.71
136 28 4116.59
136 27.16 4326.89
137 42.19 6745.89
137 39.96 6145.16
137 41.82 5977.96
137 39.96 5863.33
137 39.96 5754.24
137 39.96 5598.7
137 39.96 5554.77
137 39.96 5520.01
137 39.96 5495.23
137 39.68 5478.97
137 39.68 5447.49
137 39.68 5501.84
137 39.12 5278.12
137 42.54 6109.79
137 42.54 6845.89
137 57.05 7774.02
137 66.32 8145.27
137 69.36 8394.1
138 56.8 6931.43
138 55.38 6054.05
138 55.38 5785.46
138 55.38 5672.26
138 55.38 5624.77
138 55.38 5585.89
138 55.38 5542.82
138 55.38 5416.98
138 55.38 5412.06
138 55.11 5407.46
138 55.11 5349.07
138 55.11 5323.09
138 42.11 4237.36
138 40.59 4345.58
138 42.11 5323.37
138 40.59 5789.21
138 42.11 5785.75
138 56.06 6487.34
139 37.61 5787.83
139 36.72 5626.36
139 36.65 5510.47
139 36.18 5119.41
139 36.18 5054.3
139 36.18 5002.84
139 36.18 4981.78
139 36.18 4966.42
139 36.18 4611.43
139 31.33 4600.88
139 37.61 5257.36
139 37.61 5333.44
139 31.92 4700.49
139 31.92 4983.5
139 46.19 5334.02
139 48.56 6821.54
139 80.11 7342.77
139 115.21 8352.48
140 58.49 6624.51
140 58.49 5335.5
140 41.69 5230.72
140 40.31 5148.82
140 42.85 5080.47
140 40.31 4995.41
140 39.37 4949.81
140 39.37 4903.83
140 40.31 4881.43
140 40.31 4837.89
140 39.37 4901.67
140 39.37 4805.68
140 30.49 3724.14
140 30.49 4404.87
140 30.49 4671.77
140 31.71 5921.35
140 31.94 6379.72
140 45.94 6716.94
141 49.41 6360.6
141 48.2 5436.65
141 48.2 5263.34
141 48.2 5051.38
141 48.2 5047.3
141 48.2 4910.71
141 48.2 4843.85
141 48.2 4816.62
141 48.2 4800.97
141 46.7 4772.97
141 49.41 4623.28
141 48.2 4846.85
141 47.29 4898.42
141 47.29 5213.33
141 59.55 6465.22
141 65.33 6915.74
141 66.31 7279.26
141 66.44 7589.44
142 47.29 6100.7
142 47.29 5253.53
142 45.25 5036.57
142 45.25 4906.78
142 44.01 4839.23
142 44.01 4766.66
142 44.01 4724.07
142 44.01 4707.18
142 44.01 4689.13
142 44.01 4670.35
142 44.01 4582.14
142 44.01 4754.44
142 30.38 5164.72
142 31.63 5395.01
142 45.79 6354.03
142 48.22 6869.25
142 48.5 7223.29
142 48.5 7642.19
143 76.37 7089.7
143 76.37 5928.59
143 71.76 5657.55
143 76.37 5707.05
143 74.07 5631.87
143 74.07 5572.23
143 74.07 5391.1
143 74.07 5373.35
143 74.07 5372.37
143 74.07 5363.2
143 74.07 5601.13
143 74.07 5574.89
143 32.6 5063.48
143 40.48 6095.95
143 46.95 6562.14
143 48.85 6938.71
143 48.85 9398.69
143 105.12 10775.1
144 32.54 6507.05
144 30.24 5411.61
144 29.97 4988.19
144 29.97 5153.46
144 29.97 4891.36
144 29.97 4808.89
144 29.97 4758.57
144 25.03 4716.67
144 25.03 4702.95
144 25.03 4703.78
144 30.33 4657.97
144 32.54 4535.74
144 32.57 5128.97
144 35.27 5626.27
144 48.25 5943.21
144 49.72 7333.71
144 98.48 7487.8
144 98.48 8304.83
145 40.05 4975.18
145 36.16 5013.63
145 32.68 4667.61
145 32.68 4557.4
145 30.19 4483.78
145 29.55 4406.61
145 29.55 4379.99
145 29.29 4362.05
145 29.29 4363.05
145 26.43 4148.64
145 32.68 4587.13
145 36.16 4620.43
145 47.6 4973.88
145 60.96 6020.67
145 69.43 6607.51
145 76.71 6987.15
145 77.42 7186.49
145 72.83 7515.19
146 82.36 6333.69
146 82.36 6204.82
146 79.26 6105.46
146 79.26 5809.37
146 78.99 5756.29
146 78.99 5706.77
146 78.99 5668.65
146 78.99 5655.15
146 78.99 5659.35
146 78.4 5483.99
146 76.48 5950.03
146 82.36 5746.14
146 32.38 5099.87
146 48.03 5362.05
146 48.03 6560.03
146 48.03 6096.93
146 48.81 7145.66
146 91.99 7434.86
147 64.56 5730.09
147 63.76 5475.94
147 58.89 5308.62
147 61.19 5204.44
147 58.89 4870.39
147 55.4 4801.31
147 55.4 4746.66
147 55.4 4728.09
147 55.4 4735.36
147 60.39 4753.42
147 58.89 4778.66
147 64.56 4810.33
147 32.38 4941.76
147 32.38 5116
147 47.59 6325.27
147 48.29 6766.56
147 48.84 7120.65
147 103.09 7623.02
148 84.59 4398.71
148 84.41 4253.91
148 81.68 4134.35
148 81.68 3701.14
148 81.68 3647.75
148 81.68 3868.8
148 81.68 3696.6
148 81.68 3688.29
148 81.41 3680.95
148 81.68 3574.03
148 81.14 3807
148 81.68 3787.87
148 35.24 3647.87
148 32.2 3454.99
148 35.42 3756.1
148 38.63 4103.78
148 53.86 4290.79
148 47.16 5036.78
149 59.46 5788.48
149 56.34 5179.73
149 62.59 5313.79
149 59.46 4956.84
149 62.31 4885.7
149 56.34 4825.96
149 56.34 4792.32
149 56.34 4589.27
149 56.34 4795.57
149 56.34 4823.5
149 62.59 4866.65
149 62.59 4875.05
149 55.98 5678.26
149 55.98 5844.81
149 74.31 6742.3
149 79.5 7601.56
149 79.72 8122.1
149 79.75 8744.21
150 55.26 6363.27
150 55.26 6218.34
150 39.28 5254.25
150 42.31 4937.49
150 35.85 4867.53
150 42.43 4997.81
150 39.27 4902.14
150 39.27 4856.26
150 39.28 4842.14
150 39.27 4850.91
150 39.27 4453.26
150 39 4851.15
150 34.79 4833.07
150 41.18 4814.13
150 41.64 5116.11
150 42.19 5266.76
150 53.11 5480.19
150 53.11 6492.52
151 29.33 5172.75
151 26.44 5029.54
151 32.49 4812.87
151 29.33 4699.27
151 29.33 4427.46
151 29.33 4358.14
151 29.33 4282.26
151 29.33 4286.52
151 23.28 4276.41
151 30.19 4302.96
151 26.44 4273.45
151 32.49 4205.11
151 34.32 4784.57
151 35.61 4992.48
151 46.23 6135.14
151 47.78 6709.63
151 48.34 7093.25
151 51.38 7506.09
152 61.74 5675
152 60.01 5536.74
152 60.01 5426.12
152 59.73 5301.8
152 59.73 5276.42
152 59.73 5205.97
152 59.73 5186.68
152 59.73 5182.07
152 59.73 5181.08
152 59.73 5195.04
152 58 5251.61
152 61.74 5322.11
152 32.61 4812.4
152 46.05 5067
152 48.25 6221.64
152 51.63 6713.2
152 51.22 8086.96
152 50.74 10569.7
153 44.72 5491.76
153 33.45 5322.04
153 33.45 4419.46
153 33.45 4449.83
153 32.44 4370.29
153 32.44 4134.41
153 32.44 4087.42
153 32.44 4076.42
153 32.44 4023.82
153 32.44 4019.56
153 32.44 4026.38
153 32.44 3915.23
153 33.54 5156.64
153 34.29 5237.43
153 34.29 5312
153 32.99 5451.15
153 32.99 5678.99
153 47.44 7021.2
154 56.36 6763.34
154 56.35 6631.61
154 55.85 6555.52
154 54.59 6408.66
154 54.59 6356.63
154 52.78 6312.36
154 52.78 6277.45
154 52.78 6260.99
154 52.78 6265.58
154 52.78 6298.6
154 52.78 6412.73
154 54.59 6525.42
154 48.04 5353.69
154 50.17 6306.57
154 50.54 6832.69
154 91.44 8169.25
154 106.16 7521.27
154 112.81 7675.92
155 63.67 5924.58
155 54.09 5037.47
155 47.63 4932.28
155 44.79 4962.36
155 44.79 4733.67
155 44.79 4641.2
155 44.79 4589.21
155 42.51 4411.49
155 42.51 4383.91
155 42.51 4396.02
155 42.51 4413.03
155 44.79 4581.88
155 33.7 5268.81
155 37.49 5364.68
155 33.7 5634.98
155 49.33 5829.6
155 50.09 6922.23
155 51.82 7537.53
156 50.34 5312.2
156 50.34 5045.45
156 50.34 4882.92
156 38.32 4760.4
156 38.32 4514.96
156 33.94 4725.48
156 31.74 4468.4
156 31.45 4405.94
156 31.45 4422.69
156 28.47 4242.47
156 30.03 4568.84
156 28.47 4485.79
156 33.92 4782.46
156 33.92 4961.48
156 50.37 5329.51
156 51.28 6812.3
156 52.12 7140.78
156 52.12 7242.73
157 69.98 6534.67
157 58.18 6382.8
157 52.03 5925.41
157 52.03 5789.62
157 52.03 5205.23
157 51.21 5136.95
157 49.97 5081.11
157 49.97 5045.17
157 52.03 5036.74
157 52.03 5035.69
157 52.03 5148.48
157 52.03 5175.55
157 62.88 5950.25
157 62.88 5786.1
157 62.88 6126.25
157 69.44 6522.38
157 70.23 6818.48
157 70.41 7476.82
158 62.31 6287.51
158 61.11 5395.6
158 52.37 5304.14
158 52.37 5221.91
158 52.37 5177.77
158 52.37 5028.02
158 52.37 4990.7
158 52.37 4985.56
158 52.37 4989.08
158 52.37 4999.24
158 52.37 5039.36
158 52.37 5210.99
158 48.98 7897.81
158 49.92 8240.19
158 55.85 8627.22
158 63.9 9142.61
158 68.81 9426.88
158 71.73 9896.48
159 56.25 6414.65
159 56.25 6176.31
159 48.78 5616.43
159 42.48 5083
159 41.49 5028.72
159 41.49 4940.25
159 41.49 4887.19
159 38.38 4814.84
159 41.49 4814.02
159 41.49 4878.72
159 41.49 4968.77
159 41.49 5076.82
159 51.92 5411.21
159 58.36 5524.16
159 58.36 5781.21
159 64.76 5917.54
159 65.55 6955.24
159 66.58 7438.7
160 51.21 6611.15
160 48.96 6324.38
160 48.96 5698.73
160 48.96 5218.78
160 48.95 5156.1
160 48.68 4904.44
160 48.67 4854.74
160 48.68 4994.78
160 48.67 4937.51
160 45.53 4918.64
160 51.82 4880.06
160 48.68 4888.77
160 34.21 4754.14
160 34.21 4819.93
160 34.21 4821.12
160 34.21 4913.25
160 34.21 5093.34
160 38.02 6345.39
161 35.09 4802.62
161 35.09 4930.14
161 31.51 4821.79
161 31.51 4469.1
161 31.51 4419.41
161 31.23 4295.78
161 31.23 3572.59
161 11.91 3544.91
161 19.04 3499.01
161 19.04 3553.87
161 12.43 3636.16
161 35.09 4641.23
161 42.36 5767.68
161 48.9 6094.88
161 67.19 7341.75
161 67.19 8269.6
161 67.19 8571.5
161 67.19 8702.74
162 49.61 7242.06
162 65.27 7158.31
162 61.16 6895.94
162 58.45 6679.87
162 55.74 6622.37
162 61.16 6557.9
162 58.45 6319.32
162 58.45 6499.62
162 58.45 6295.92
162 58.45 6299.79
162 55.46 6511.59
162 61.16 6648.39
162 62.76 6196.79
162 63.98 6554.68
162 70.64 7074.01
162 80.77 8631.24
162 82.76 8913.92
162 79.37 9322.08
163 38.66 5646.93
163 38.58 5609.74
163 44.72 5184.81
163 38.66 5073.04
163 38.58 4631.52
163 38.58 4519.45
163 35.03 4458.64
163 38.58 4402.07
163 38.58 4393.06
163 38.58 4386.55
163 38.66 4432.69
163 38.58 4461.14
163 33.68 4857.11
163 34 4939.47
163 46.7 5138.49
163 46.7 6022.97
163 46.7 5472.16
163 46.7 5630.33
164 41.52 6428.07
164 47.79 5708.68
164 39.79 5614.36
164 47.79 4899.53
164 47.79 4877.1
164 47.79 4796.46
164 39.79 5407.32
164 47.79 4750.02
164 39.9 5401.79
164 39.79 5477.85
164 47.79 5528.25
164 47.79 6083.02
164 33.92 5223.8
164 47.46 6435.4
164 49 7038.56
164 50.88 7697.63
164 51.53 7831.81
164 51.53 7973.49
165 34.55 5268.62
165 33.92 5345.5
165 30.88 5036.72
165 30.88 4897.83
165 30.88 4826.54
165 28 4691.23
165 28 4618.63
165 23.66 4569.25
165 20.8 4549.58
165 20 4371.92
165 20.12 4421.59
165 28 4505.22
165 33.83 5067.84
165 47.94 6206.72
165 48.53 6714.43
165 52.39 7378.05
165 56.15 7712.39
165 54.49 7848.19
166 45.92 5358.89
166 45.92 5316.41
166 42.88 5182.31
166 42.6 5047.86
166 42.6 4991.93
166 42.6 4695.16
166 42.6 4641.12
166 42.6 4600.37
166 42.6 4587.93
166 42.6 4596.59
166 42.6 4644.01
166 45.92 4701.17
166 52.7 6532.04
166 53.13 7265.54
166 54.76 7794.28
166 57.85 8676.03
166 517.4 9299.98
166 56.85 9477.1
167 31.03 4416.57
167 31.96 4354.85
167 31.49 4027.5
167 31.21 3942.07
167 22.52 3823.49
167 22.88 3551.73
167 23.93 3504.11
167 22.52 3442.12
167 22.26 3441.21
167 20 3395.22
167 20.49 3375.52
167 21.14 3554.84
167 20 3376.97
167 19 3197.84
167 10 3462.58
167 20 3624.41
167 20 3821.25
167 28.57 4329.57
168 41.72 6435.04
168 36.24 6169.66
168 36.24 6040.32
168 35.83 5086.01
168 31.78 4972.57
168 31.78 4842.32
168 31.78 4786.87
168 31.78 4731.64
168 31.78 4697.21
168 31.5 4660.06
168 31.78 4644.78
168 31.5 4671.78
168 36.23 4317.91
168 36.23 4522.03
168 40.82 5036.65
168 41.22 5619.51
168 36.19 5343.35
168 47.48 6332.09
169 33.96 5362.76
169 30.47 4911.83
169 30.29 4759.78
169 30.29 4600.39
169 30.02 4445.81
169 30.02 4343.08
169 20.29 4299.58
169 20.29 4269.14
169 20.29 4234.37
169 20.29 4237.73
169 20.29 4220.86
169 30.02 4346.65
169 30.47 4542.18
169 33.85 5095.19
169 51.24 6635.46
169 51.24 7318.68
169 51.24 7526.45
169 51.24 7561.11
170 34.41 6828.29
170 42.32 6681.97
170 34.41 6572.52
170 30.86 6452.06
170 30.86 6330.55
170 30.86 6008.71
170 30.86 5963.49
170 30.86 5891.82
170 30.86 5927.87
170 30.86 5900.64
170 30.86 6182.97
170 42.32 6290.65
170 48.96 6747.15
170 52.96 7210.76
170 60.79 7700.62
170 60.45 8671.63
170 57.76 8866.76
170 56.88 8908.86
171 57.27 7582.88
171 48.98 7399.97
171 48.98 6912.98
171 42.23 6776
171 42.23 6667.64
171 42.23 6011.04
171 39.28 5950.68
171 39.28 5910.33
171 38.52 5884.67
171 38.52 5855.72
171 39.28 5988.4
171 39.28 6062.43
171 35.68 6952.4
171 51.97 7470.94
171 54.86 7979.2
171 58.76 9429.78
171 58.76 9602.37
171 54.86 9646.17
172 41.03 7384.18
172 41.03 7199.27
172 33.85 6910.08
172 33.85 6741.5
172 31.29 6592.19
172 31.29 6489.74
172 31.29 6460.28
172 31.29 6418.96
172 31.29 6428.58
172 31.29 6411.64
172 31.29 6454.52
172 33.85 6558.5
172 44.99 6544.21
172 51.3 7016.46
172 56.4 7500.37
172 66.08 8194.19
172 59.14 8847.81
172 59.14 8590.05
173 55.38 7052.95
173 55.38 6801.54
173 51.85 6622.64
173 50.53 6290.84
173 50.53 6149.89
173 50.24 6000.81
173 50.24 5773.72
173 50.24 5902.85
173 50.24 5875.3
173 50.24 5845.87
173 50.24 5900.63
173 50.24 5894.3
173 50.6 5963.24
173 51.24 6099.21
173 54.12 6278.16
173 58.72 6594.71
173 56.36 6720.57
173 73.69 6871.54
174 50.08 5530.97
174 37.96 5236.79
174 37.96 5204.63
174 33.68 4952.12
174 33.68 4842.49
174 33.68 4624.76
174 27.36 4575.68
174 33.68 4541.43
174 32.3 4505.85
174 32.3 4506.15
174 32.31 4429.3
174 33.68 4733.51
174 36.11 5323.45
174 50.42 5624.14
174 50.42 6773.54
174 50.62 7773.93
174 51.58 8159.53
174 50.62 8159.91
175 32.3 5703.62
175 30.76 5710.4
175 30.76 5353.11
175 30.48 5177.82
175 30.48 4969.53
175 30.48 4886.03
175 20.33 4853.07
175 11.96 4810.41
175 20.33 4822.59
175 30.48 4803.32
175 30.48 4837.42
175 30.48 4926.48
175 32.3 4689.5
175 32.3 5040.77
175 49.54 6547.45
175 50.98 7215.65
175 60.87 7808.29
175 63.46 7927.65
176 45.72 5092.08
176 46.32 4871.71
176 46.16 4670.54
176 46.16 4074.38
176 46.16 3762.18
176 46.16 3661.87
176 45.44 3617.61
176 46.32 3584.84
176 46.16 3595.14
176 46.16 3535.16
176 46 4346.78
176 46.32 4426.86
176 34.96 5669.06
176 50.43 6284.25
176 53.91 7323.98
176 63.85 7897.83
176 76.89 8295.45
176 76.89 8331.57
177 51.17 5629.46
177 38 5427.02
177 36.42 5046.97
177 34.26 4807.06
177 32 4662.03
177 30.91 4552.18
177 30.65 4492.49
177 30.65 4426
177 30.65 4424.23
177 30.65 4368.11
177 30.91 4434.23
177 30.91 4509.06
177 36.98 6555.61
177 36.98 7070.38
177 52.83 7524.98
177 52.83 9286.85
177 52.83 9223.61
177 52.83 9160.82
178 30.91 5048.81
178 30.6 4790.95
178 30.6 4583.67
178 30.6 4442.15
178 30.6 4105.4
178 30.32 3973.53
178 20 3846.7
178 20 3865.63
178 20 3730.96
178 20 3730.83
178 30.32 3919.62
178 30.32 3934.39
178 31.5 4308.48
178 31.5 4434.71
178 31.5 4633.69
178 31.5 4841.57
178 35.63 5043.28
178 35.63 5203.51
